Total log number:400       
[38ms][BenchMark]第1次测试算例MDG-c_1_n3000_m300
[13722ms][INFO]加载文件../Deploy/Instances/MDG-c_1_n3000_m300.txt
[13840ms][INFO]矩阵节点数目为:3000  要选的节点数目为:300
[13895ms][INFO]随机种子为：1583556209
[3025s][PINCOL_PT]
总迭代步数：5529
[3025s][INFO]300
[3025s][INFO]检查的目标函数值为：4798
[3025s][INFO]目标函数值如下：4798
[3025s][INFO]选出的节点如下： 
[3025s][INFO]20 37 38 42 48 65 68 89 94 107 126 130 151 157 176 210 213 245 269 290 330 336 338 344 352 369 371 386 391 396 404 423 438 460 462 468 471 480 484 496 498 500 518 520 523 533 542 543 545 549 556 562 563 567 569 586 597 601 608 611 633 637 648 654 659 660 680 685 700 707 712 757 772 781 787 808 820 830 831 837 846 853 855 858 861 871 880 886 902 920 930 932 937 940 942 943 949 961 962 971 998 1005 1009 1024 1027 1031 1042 1043 1058 1065 1067 1068 1070 1081 1083 1086 1091 1111 1120 1122 1131 1137 1152 1166 1168 1170 1184 1185 1189 1192 1197 1210 1223 1235 1244 1245 1265 1266 1295 1299 1325 1342 1343 1356 1361 1365 1396 1399 1429 1445 1447 1451 1489 1496 1512 1515 1549 1553 1560 1591 1603 1625 1664 1672 1676 1682 1716 1719 1721 1728 1753 1757 1769 1810 1814 1818 1842 1846 1856 1868 1869 1903 1905 1920 1946 1956 1960 1996 2001 2010 2014 2016 2019 2025 2083 2087 2088 2092 2093 2100 2104 2124 2127 2143 2148 2151 2158 2159 2160 2193 2203 2207 2221 2225 2230 2236 2239 2243 2249 2254 2259 2269 2304 2305 2309 2319 2320 2323 2327 2363 2381 2401 2416 2438 2455 2463 2470 2478 2484 2485 2492 2500 2503 2506 2535 2536 2547 2564 2569 2591 2600 2604 2620 2635 2648 2650 2668 2674 2686 2691 2693 2697 2712 2730 2739 2743 2749 2752 2753 2757 2762 2768 2770 2795 2800 2806 2817 2819 2820 2821 2830 2854 2858 2861 2863 2884 2892 2907 2915 2916 2921 2923 2933 2935 2946 2954 2955 2958 2962 2971 
[3025s][BenchMark]第2次测试算例MDG-c_1_n3000_m300
[3038s][INFO]加载文件../Deploy/Instances/MDG-c_1_n3000_m300.txt
[3038s][INFO]矩阵节点数目为:3000  要选的节点数目为:300
[3038s][INFO]随机种子为：1583559234
[6046s][PINCOL_PT]
总迭代步数：5240
[6046s][INFO]300
[6046s][INFO]检查的目标函数值为：4698
[6046s][INFO]目标函数值如下：4698
[6046s][INFO]选出的节点如下： 
[6046s][INFO]10 11 17 20 43 54 64 95 110 125 131 140 144 158 160 188 223 240 261 280 302 308 312 315 327 329 346 348 355 370 387 389 431 440 446 449 450 454 455 458 482 486 497 518 527 544 552 574 581 606 613 621 625 626 659 663 664 683 694 720 727 728 733 735 737 738 744 750 761 777 786 824 851 852 873 879 882 886 908 916 920 932 942 953 960 983 984 990 996 1001 1009 1026 1038 1041 1049 1054 1058 1061 1069 1071 1074 1087 1110 1116 1119 1120 1123 1140 1144 1152 1154 1158 1169 1176 1189 1192 1205 1217 1229 1243 1260 1277 1281 1283 1285 1291 1297 1300 1303 1306 1307 1326 1339 1343 1366 1369 1374 1394 1398 1428 1435 1443 1471 1480 1490 1495 1503 1524 1539 1569 1580 1596 1606 1608 1610 1612 1620 1696 1697 1711 1718 1740 1751 1754 1774 1777 1781 1793 1807 1840 1867 1868 1871 1876 1877 1881 1898 1899 1904 1907 1911 1914 1924 1926 1936 1945 1968 1971 1977 1978 1982 1985 1987 2011 2016 2024 2055 2065 2072 2079 2085 2088 2091 2096 2099 2112 2116 2122 2136 2145 2160 2162 2165 2168 2173 2177 2199 2206 2228 2230 2232 2237 2245 2255 2262 2283 2294 2328 2352 2363 2367 2370 2387 2398 2400 2412 2416 2422 2425 2426 2428 2441 2442 2449 2514 2515 2519 2527 2531 2541 2554 2572 2575 2591 2597 2650 2656 2666 2675 2683 2700 2716 2731 2733 2742 2749 2750 2756 2772 2778 2798 2814 2817 2819 2834 2835 2841 2845 2847 2855 2857 2865 2872 2880 2890 2891 2893 2899 2903 2906 2915 2916 2933 2935 2940 2964 2977 2982 2984 2989 
[6046s][BenchMark]第3次测试算例MDG-c_1_n3000_m300
[6059s][INFO]加载文件../Deploy/Instances/MDG-c_1_n3000_m300.txt
[6059s][INFO]矩阵节点数目为:3000  要选的节点数目为:300
[6059s][INFO]随机种子为：1583562254
[9074s][PINCOL_PT]
总迭代步数：5626
[9074s][INFO]300
[9074s][INFO]检查的目标函数值为：4688
[9074s][INFO]目标函数值如下：4688
[9074s][INFO]选出的节点如下： 
[9074s][INFO]0 3 12 19 27 28 31 37 46 101 109 113 118 119 134 138 144 148 150 178 202 206 207 208 214 222 236 270 275 289 290 316 319 321 324 333 377 406 410 415 423 501 514 516 520 523 526 527 541 543 544 547 549 561 562 576 585 596 605 606 630 640 647 652 660 663 665 674 678 690 694 696 709 711 726 736 737 747 757 788 818 823 828 866 879 880 898 924 927 936 943 946 947 956 957 990 1007 1020 1029 1035 1041 1069 1071 1087 1092 1093 1105 1107 1109 1110 1111 1112 1115 1128 1139 1141 1145 1150 1157 1167 1172 1185 1191 1196 1202 1242 1257 1278 1283 1288 1303 1327 1337 1358 1360 1374 1385 1390 1395 1399 1414 1418 1430 1442 1448 1460 1470 1479 1482 1483 1496 1502 1527 1540 1547 1561 1580 1590 1598 1602 1611 1620 1622 1633 1639 1640 1643 1649 1650 1655 1659 1681 1691 1696 1710 1718 1736 1742 1750 1752 1780 1784 1793 1799 1801 1812 1814 1816 1842 1866 1868 1884 1886 1891 1906 1909 1931 1940 1958 1980 2006 2009 2029 2034 2042 2061 2075 2099 2100 2103 2127 2128 2132 2147 2163 2165 2167 2175 2178 2180 2193 2199 2204 2206 2215 2220 2234 2257 2260 2277 2282 2291 2302 2346 2357 2360 2372 2374 2417 2433 2443 2445 2452 2457 2473 2477 2479 2492 2508 2517 2525 2527 2560 2561 2571 2583 2586 2594 2601 2610 2611 2626 2656 2657 2659 2664 2684 2685 2687 2702 2721 2728 2733 2739 2740 2749 2761 2771 2784 2792 2814 2815 2824 2828 2831 2835 2836 2885 2895 2902 2912 2916 2918 2935 2946 2979 2982 2990 2996 2999 
[9075s][BenchMark]第4次测试算例MDG-c_1_n3000_m300
[9087s][INFO]加载文件../Deploy/Instances/MDG-c_1_n3000_m300.txt
[9087s][INFO]矩阵节点数目为:3000  要选的节点数目为:300
[9087s][INFO]随机种子为：1583565283
[12099s][PINCOL_PT]
总迭代步数：5530
[12099s][INFO]300
[12099s][INFO]检查的目标函数值为：4782
[12099s][INFO]目标函数值如下：4782
[12099s][INFO]选出的节点如下： 
[12099s][INFO]0 15 20 37 52 64 88 103 114 132 133 136 143 150 170 171 180 184 199 206 207 215 243 247 251 252 273 298 305 308 313 324 330 332 339 364 374 378 387 388 391 396 398 399 406 407 419 421 422 434 453 457 475 482 492 506 511 535 545 554 580 605 609 610 615 623 625 631 652 653 660 716 719 724 727 749 750 763 769 772 783 786 804 809 818 851 861 867 874 885 888 889 893 897 909 942 944 948 962 966 967 975 976 988 994 999 1016 1029 1068 1071 1074 1079 1084 1089 1112 1113 1132 1139 1166 1167 1169 1183 1187 1190 1209 1210 1214 1216 1220 1231 1238 1272 1273 1304 1306 1308 1315 1316 1327 1330 1352 1356 1359 1363 1364 1379 1395 1400 1408 1415 1455 1472 1484 1493 1494 1518 1521 1524 1543 1548 1578 1591 1610 1623 1624 1630 1637 1647 1663 1667 1668 1670 1672 1678 1700 1702 1716 1725 1748 1751 1760 1791 1809 1831 1839 1843 1846 1866 1869 1883 1886 1905 1919 1977 1984 1993 2007 2019 2027 2028 2039 2051 2060 2068 2087 2094 2117 2122 2123 2142 2151 2153 2166 2171 2178 2179 2192 2203 2214 2215 2216 2248 2253 2268 2301 2307 2309 2313 2323 2336 2337 2343 2346 2358 2362 2379 2380 2385 2402 2413 2427 2444 2463 2469 2476 2487 2493 2511 2518 2549 2554 2556 2578 2580 2581 2584 2588 2597 2602 2620 2625 2633 2641 2642 2654 2659 2674 2687 2689 2690 2693 2695 2702 2703 2721 2723 2724 2733 2752 2754 2764 2766 2770 2774 2784 2786 2846 2850 2853 2854 2887 2894 2895 2933 2946 2950 2951 2964 2976 2988 
[12099s][BenchMark]第5次测试算例MDG-c_1_n3000_m300
[12112s][INFO]加载文件../Deploy/Instances/MDG-c_1_n3000_m300.txt
[12112s][INFO]矩阵节点数目为:3000  要选的节点数目为:300
[12112s][INFO]随机种子为：1583568308
[15131s][PINCOL_PT]
总迭代步数：5385
[15131s][INFO]300
[15131s][INFO]检查的目标函数值为：4381
[15131s][INFO]目标函数值如下：4381
[15131s][INFO]选出的节点如下： 
[15131s][INFO]11 16 18 21 40 58 67 70 106 138 143 165 172 193 201 202 204 211 213 220 224 232 236 242 257 258 272 275 327 376 394 397 409 419 425 426 432 466 472 479 485 494 498 501 542 560 595 596 603 605 606 617 646 663 667 674 685 688 693 701 720 758 784 789 796 806 811 822 837 840 848 850 858 860 869 874 875 877 878 883 892 893 899 902 915 944 946 961 974 987 999 1007 1029 1043 1051 1075 1090 1102 1104 1107 1152 1154 1161 1162 1184 1194 1202 1224 1232 1238 1242 1252 1258 1271 1282 1290 1295 1300 1302 1314 1318 1319 1323 1344 1346 1347 1364 1374 1384 1397 1421 1432 1452 1453 1458 1467 1468 1470 1471 1484 1503 1544 1549 1557 1559 1563 1567 1568 1576 1582 1588 1599 1605 1606 1608 1616 1620 1643 1644 1647 1650 1654 1658 1661 1663 1668 1676 1681 1697 1729 1730 1733 1735 1755 1774 1777 1788 1789 1790 1823 1830 1831 1838 1842 1859 1864 1865 1868 1872 1906 1909 1910 1916 1922 1927 1953 1963 1968 1983 1989 2051 2054 2059 2060 2074 2079 2091 2094 2116 2118 2121 2153 2158 2162 2165 2183 2188 2191 2207 2212 2213 2248 2255 2266 2275 2305 2307 2317 2318 2319 2322 2333 2337 2338 2343 2370 2375 2399 2401 2435 2436 2477 2505 2511 2530 2534 2550 2586 2600 2614 2621 2634 2646 2657 2658 2659 2660 2662 2692 2696 2699 2701 2704 2706 2722 2735 2736 2746 2750 2751 2753 2754 2755 2776 2781 2782 2790 2791 2799 2811 2816 2839 2844 2846 2849 2852 2860 2865 2873 2881 2897 2898 2912 2928 2931 2945 2950 2980 2982 2998 
[15131s][BenchMark]第1次测试算例MDG-c_5_n3000_m300
[15145s][INFO]加载文件../Deploy/Instances/MDG-c_5_n3000_m300.txt
[15145s][INFO]矩阵节点数目为:3000  要选的节点数目为:300
[15145s][INFO]随机种子为：1583571340
[18170s][PINCOL_PT]
总迭代步数：3371
[18170s][INFO]300
[18170s][INFO]检查的目标函数值为：4802
[18170s][INFO]目标函数值如下：4802
[18170s][INFO]选出的节点如下： 
[18170s][INFO]0 4 7 21 49 56 72 77 84 103 117 119 122 125 140 147 159 163 170 182 185 202 205 210 248 258 264 269 273 279 300 322 332 372 378 408 415 444 446 457 476 478 509 513 524 526 531 537 551 554 557 560 567 592 613 621 622 623 626 630 640 651 657 660 663 673 695 702 729 734 735 758 776 778 782 784 790 792 794 805 815 819 820 835 843 851 862 879 882 885 892 895 899 919 922 959 963 965 976 985 988 990 1007 1031 1033 1057 1059 1060 1072 1082 1087 1126 1129 1136 1141 1147 1148 1165 1194 1195 1210 1216 1221 1227 1230 1244 1254 1257 1266 1270 1278 1290 1299 1312 1315 1320 1322 1330 1337 1351 1376 1377 1382 1386 1403 1415 1418 1446 1452 1454 1462 1473 1490 1497 1508 1512 1517 1527 1545 1565 1579 1592 1596 1610 1612 1615 1617 1638 1667 1676 1709 1711 1718 1725 1731 1734 1735 1754 1758 1759 1772 1812 1819 1829 1830 1831 1834 1842 1847 1862 1863 1886 1894 1897 1909 1925 1930 1939 1946 1948 1949 1966 1981 1982 1989 1993 2023 2027 2043 2060 2091 2097 2104 2110 2131 2140 2147 2148 2154 2162 2168 2195 2204 2213 2225 2226 2229 2254 2262 2270 2281 2282 2284 2296 2306 2337 2346 2356 2367 2383 2393 2408 2422 2427 2450 2460 2474 2490 2493 2501 2504 2506 2510 2519 2529 2536 2567 2573 2583 2611 2612 2625 2627 2640 2651 2653 2671 2679 2684 2686 2687 2695 2712 2736 2742 2743 2745 2775 2780 2785 2794 2802 2803 2806 2809 2863 2886 2896 2906 2909 2913 2916 2918 2923 2926 2960 2980 2982 2984 2989 
[18170s][BenchMark]第2次测试算例MDG-c_5_n3000_m300
[18183s][INFO]加载文件../Deploy/Instances/MDG-c_5_n3000_m300.txt
[18183s][INFO]矩阵节点数目为:3000  要选的节点数目为:300
[18183s][INFO]随机种子为：1583574378
[21200s][PINCOL_PT]
总迭代步数：5473
[21200s][INFO]300
[21200s][INFO]检查的目标函数值为：4673
[21200s][INFO]目标函数值如下：4673
[21200s][INFO]选出的节点如下： 
[21200s][INFO]2 6 21 46 48 50 53 56 86 91 99 104 151 181 182 189 191 197 198 212 229 231 261 278 280 284 301 309 316 319 327 335 338 355 356 358 367 398 405 414 429 467 470 482 483 488 516 533 536 548 564 591 596 610 611 616 620 623 646 658 664 665 673 694 697 703 713 719 734 742 755 763 771 775 777 789 790 794 823 835 844 885 886 888 889 895 904 917 918 930 931 946 948 969 992 1003 1005 1010 1048 1059 1060 1067 1070 1076 1080 1086 1097 1143 1150 1160 1161 1165 1177 1184 1194 1201 1204 1226 1242 1245 1255 1261 1273 1291 1301 1306 1311 1316 1321 1344 1352 1367 1369 1414 1416 1421 1423 1438 1446 1460 1471 1476 1480 1494 1497 1501 1533 1537 1547 1548 1555 1565 1575 1576 1586 1621 1634 1645 1686 1696 1698 1700 1701 1704 1716 1783 1785 1789 1790 1793 1796 1802 1804 1811 1823 1828 1833 1834 1838 1848 1887 1914 1915 1916 1918 1920 1928 1937 1939 1973 1981 1996 2003 2024 2025 2041 2045 2058 2063 2073 2079 2090 2116 2128 2137 2152 2159 2177 2182 2199 2217 2227 2229 2248 2251 2258 2266 2283 2291 2297 2299 2305 2309 2317 2320 2325 2333 2338 2345 2349 2366 2373 2385 2387 2408 2425 2426 2434 2440 2457 2466 2469 2470 2476 2486 2496 2509 2523 2529 2547 2557 2581 2586 2594 2601 2609 2614 2620 2623 2651 2670 2706 2709 2715 2728 2731 2739 2742 2748 2768 2769 2773 2794 2798 2799 2800 2801 2811 2815 2816 2820 2822 2850 2855 2856 2865 2872 2887 2888 2901 2903 2904 2917 2926 2938 2955 2957 2975 2995 2996 
[21200s][BenchMark]第3次测试算例MDG-c_5_n3000_m300
[21213s][INFO]加载文件../Deploy/Instances/MDG-c_5_n3000_m300.txt
[21213s][INFO]矩阵节点数目为:3000  要选的节点数目为:300
[21213s][INFO]随机种子为：1583577409
[24226s][PINCOL_PT]
总迭代步数：5527
[24226s][INFO]300
[24226s][INFO]检查的目标函数值为：4856
[24226s][INFO]目标函数值如下：4856
[24226s][INFO]选出的节点如下： 
[24226s][INFO]2 8 9 22 25 43 53 56 59 68 88 92 97 112 144 169 173 177 178 195 211 214 216 258 276 288 299 325 327 332 336 410 412 422 431 444 498 501 511 516 526 557 559 560 581 584 587 590 609 610 640 662 664 666 669 671 677 704 714 717 721 735 740 753 762 768 771 775 789 791 820 837 840 843 862 872 881 890 907 911 913 921 923 928 932 958 961 963 967 971 976 977 981 990 991 1005 1029 1042 1054 1071 1078 1080 1105 1118 1123 1153 1155 1164 1175 1187 1207 1210 1211 1217 1219 1221 1225 1227 1228 1230 1231 1240 1252 1266 1272 1282 1285 1288 1304 1310 1320 1347 1355 1367 1368 1380 1383 1391 1394 1396 1400 1409 1414 1433 1434 1465 1467 1469 1472 1501 1508 1530 1542 1560 1572 1608 1612 1628 1632 1633 1634 1649 1650 1653 1659 1665 1684 1686 1694 1696 1698 1700 1701 1704 1712 1714 1735 1757 1771 1776 1782 1790 1794 1801 1815 1817 1832 1862 1864 1866 1884 1911 1916 1920 1923 1927 1940 1954 2004 2017 2018 2023 2033 2038 2040 2050 2052 2065 2077 2078 2087 2098 2101 2124 2137 2140 2145 2152 2174 2175 2177 2179 2189 2194 2208 2210 2229 2246 2250 2267 2271 2296 2299 2321 2329 2336 2346 2347 2356 2359 2386 2393 2402 2407 2435 2456 2469 2484 2488 2489 2500 2502 2511 2556 2578 2582 2601 2605 2612 2623 2636 2639 2644 2652 2663 2668 2670 2673 2683 2690 2707 2711 2718 2719 2730 2735 2738 2750 2754 2759 2764 2781 2800 2808 2820 2832 2847 2883 2889 2898 2913 2935 2959 2964 2965 2970 2972 2994 2996 2997 
[24226s][BenchMark]第4次测试算例MDG-c_5_n3000_m300
[24239s][INFO]加载文件../Deploy/Instances/MDG-c_5_n3000_m300.txt
[24239s][INFO]矩阵节点数目为:3000  要选的节点数目为:300
[24239s][INFO]随机种子为：1583580435
[27255s][PINCOL_PT]
总迭代步数：5793
[27255s][INFO]300
[27255s][INFO]检查的目标函数值为：4611
[27255s][INFO]目标函数值如下：4611
[27255s][INFO]选出的节点如下： 
[27255s][INFO]6 22 26 59 62 72 86 89 115 117 136 139 141 155 158 163 165 166 168 186 201 214 228 230 238 245 256 267 268 269 273 281 285 287 308 312 316 333 359 369 377 383 385 398 399 400 416 423 425 429 437 453 457 474 477 487 497 498 501 506 513 537 562 574 588 600 605 612 614 656 657 679 682 704 710 726 731 754 787 792 799 814 843 845 863 871 875 879 886 892 894 905 907 911 913 970 975 990 995 1004 1013 1030 1033 1044 1081 1089 1100 1107 1124 1129 1133 1148 1156 1165 1178 1199 1213 1217 1222 1227 1234 1236 1237 1280 1284 1294 1312 1322 1360 1364 1374 1383 1387 1394 1399 1402 1409 1446 1450 1455 1461 1462 1463 1464 1469 1470 1478 1486 1492 1493 1498 1511 1512 1515 1517 1521 1529 1544 1574 1583 1592 1614 1624 1635 1641 1642 1714 1715 1725 1728 1732 1740 1745 1762 1764 1770 1775 1783 1797 1799 1810 1893 1903 1919 1926 1931 1939 1955 1972 2001 2011 2015 2026 2027 2039 2041 2065 2071 2109 2120 2125 2129 2135 2142 2144 2156 2157 2160 2164 2175 2191 2196 2224 2247 2256 2272 2277 2281 2283 2287 2311 2318 2327 2342 2348 2349 2363 2365 2366 2370 2371 2385 2398 2409 2417 2427 2436 2455 2460 2468 2474 2477 2480 2483 2485 2500 2505 2509 2511 2513 2519 2527 2529 2537 2542 2551 2556 2560 2565 2568 2569 2570 2571 2576 2579 2591 2592 2613 2632 2653 2685 2689 2735 2742 2747 2750 2764 2770 2771 2778 2793 2797 2813 2824 2826 2854 2867 2868 2879 2887 2892 2926 2932 2938 2949 2959 2979 2987 2991 2995 
[27256s][BenchMark]第5次测试算例MDG-c_5_n3000_m300
[27268s][INFO]加载文件../Deploy/Instances/MDG-c_5_n3000_m300.txt
[27268s][INFO]矩阵节点数目为:3000  要选的节点数目为:300
[27269s][INFO]随机种子为：1583583464
[30283s][PINCOL_PT]
总迭代步数：5372
[30283s][INFO]300
[30283s][INFO]检查的目标函数值为：4759
[30283s][INFO]目标函数值如下：4759
[30283s][INFO]选出的节点如下： 
[30283s][INFO]34 52 55 68 82 89 97 110 112 113 128 130 135 141 146 153 154 165 174 175 194 198 203 227 238 248 256 259 276 277 287 295 299 309 314 316 332 350 363 367 380 388 403 406 431 435 447 489 502 505 527 539 552 572 585 586 601 602 609 612 623 627 644 645 649 673 692 701 705 724 731 742 747 748 780 781 809 811 815 824 827 828 860 869 874 878 882 893 896 909 946 948 953 955 969 970 973 979 982 996 1038 1040 1050 1056 1059 1074 1094 1113 1139 1145 1150 1164 1166 1181 1203 1211 1220 1223 1244 1258 1266 1268 1282 1290 1293 1309 1342 1384 1405 1412 1420 1426 1432 1447 1456 1468 1476 1487 1502 1507 1527 1553 1581 1582 1583 1588 1591 1609 1618 1624 1632 1651 1655 1663 1677 1686 1700 1709 1715 1723 1728 1732 1733 1751 1754 1758 1775 1781 1784 1789 1808 1809 1832 1838 1841 1847 1850 1851 1856 1859 1868 1869 1874 1881 1884 1906 1913 1915 1917 1934 1944 1947 1962 1969 1979 1985 1991 1994 1995 2033 2037 2038 2051 2053 2066 2076 2079 2080 2085 2088 2093 2103 2108 2121 2146 2148 2150 2154 2156 2175 2196 2201 2216 2222 2226 2227 2277 2278 2315 2344 2352 2374 2385 2390 2397 2403 2407 2420 2423 2443 2461 2476 2526 2535 2537 2542 2543 2566 2575 2576 2597 2601 2602 2615 2617 2644 2650 2651 2655 2660 2673 2676 2710 2724 2735 2740 2743 2750 2754 2761 2774 2779 2781 2800 2809 2819 2820 2835 2836 2840 2847 2862 2867 2891 2892 2897 2905 2907 2921 2926 2935 2936 2942 2949 2956 2969 2979 2983 2994 2995 
[30283s][BenchMark]第1次测试算例MDG-c_6_n3000_m400
[30297s][INFO]加载文件../Deploy/Instances/MDG-c_6_n3000_m400.txt
[30297s][INFO]矩阵节点数目为:3000  要选的节点数目为:400
[30297s][INFO]随机种子为：1583586492
[33324s][PINCOL_PT]
总迭代步数：1759
[33324s][INFO]400
[33324s][INFO]检查的目标函数值为：5911
[33324s][INFO]目标函数值如下：5911
[33324s][INFO]选出的节点如下： 
[33324s][INFO]5 15 27 28 33 55 57 59 66 70 76 78 86 87 98 103 120 125 132 134 135 141 145 154 156 158 184 191 195 208 214 219 220 221 235 246 251 270 283 285 298 306 308 314 319 329 332 340 343 345 348 354 359 360 366 370 385 406 413 419 422 423 442 444 446 457 461 478 487 489 490 501 507 510 521 531 532 538 545 553 564 586 604 606 616 620 626 654 662 664 678 688 717 732 736 737 738 740 742 743 752 755 783 792 793 797 804 816 826 829 841 853 855 864 873 874 875 879 893 911 912 914 927 934 942 948 955 965 978 984 989 995 1008 1032 1038 1043 1044 1045 1047 1050 1051 1053 1062 1066 1079 1083 1084 1102 1107 1115 1119 1127 1135 1137 1153 1157 1159 1164 1165 1167 1177 1180 1185 1186 1190 1229 1232 1237 1249 1254 1256 1273 1288 1294 1298 1308 1317 1329 1360 1366 1381 1394 1400 1405 1407 1408 1413 1426 1433 1492 1499 1505 1521 1523 1533 1540 1541 1555 1567 1569 1593 1598 1600 1603 1606 1618 1623 1637 1660 1672 1680 1688 1694 1703 1704 1710 1714 1717 1722 1734 1736 1750 1754 1759 1761 1775 1782 1783 1789 1790 1794 1796 1797 1801 1806 1809 1818 1819 1820 1823 1827 1838 1839 1846 1849 1858 1859 1861 1869 1872 1884 1890 1901 1905 1908 1912 1913 1930 1932 1938 1939 1942 1948 1949 1950 1953 1954 1955 1965 1971 1976 1997 2001 2004 2006 2012 2014 2015 2016 2022 2029 2037 2065 2070 2088 2097 2104 2112 2114 2129 2131 2134 2138 2140 2151 2164 2185 2187 2199 2201 2211 2234 2252 2269 2294 2297 2298 2301 2303 2304 2312 2313 2315 2328 2337 2346 2350 2360 2361 2370 2380 2381 2384 2390 2391 2397 2400 2415 2417 2428 2429 2434 2443 2447 2462 2464 2484 2488 2499 2506 2512 2529 2531 2557 2562 2569 2584 2591 2607 2612 2617 2631 2632 2651 2652 2663 2672 2673 2685 2697 2705 2732 2734 2741 2746 2752 2762 2766 2772 2779 2781 2787 2799 2806 2816 2819 2821 2833 2839 2844 2850 2852 2864 2868 2871 2875 2889 2893 2896 2904 2909 2913 2923 2924 2929 2938 2967 2976 2979 2982 
[33324s][BenchMark]第2次测试算例MDG-c_6_n3000_m400
[33337s][INFO]加载文件../Deploy/Instances/MDG-c_6_n3000_m400.txt
[33337s][INFO]矩阵节点数目为:3000  要选的节点数目为:400
[33337s][INFO]随机种子为：1583589533
[36361s][PINCOL_PT]
总迭代步数：2845
[36361s][INFO]400
[36361s][INFO]检查的目标函数值为：5766
[36361s][INFO]目标函数值如下：5766
[36361s][INFO]选出的节点如下： 
[36361s][INFO]6 22 23 24 34 42 44 48 63 64 65 68 70 77 86 87 110 115 131 135 143 145 149 172 173 174 175 177 184 188 193 195 197 202 210 217 222 225 228 236 238 245 247 255 257 259 261 268 280 281 303 309 327 335 360 402 420 426 430 440 455 474 476 479 483 492 499 503 505 513 515 524 526 531 549 553 566 567 577 578 580 596 602 624 625 641 664 683 685 687 690 695 696 699 716 718 719 724 732 745 753 758 780 782 789 793 797 809 821 826 830 835 841 843 849 854 867 880 901 905 914 920 922 931 936 939 945 949 953 957 962 969 977 978 986 1000 1006 1007 1022 1026 1034 1036 1039 1048 1052 1058 1068 1075 1080 1091 1109 1112 1125 1127 1129 1130 1141 1142 1150 1153 1157 1158 1191 1201 1206 1209 1210 1211 1216 1229 1231 1234 1246 1249 1261 1272 1286 1310 1322 1338 1350 1354 1366 1381 1386 1408 1418 1419 1422 1423 1425 1434 1442 1449 1466 1472 1478 1486 1492 1493 1497 1499 1501 1506 1517 1520 1539 1543 1546 1553 1562 1569 1573 1579 1585 1591 1595 1597 1598 1610 1623 1643 1645 1652 1661 1685 1701 1708 1719 1723 1737 1748 1751 1757 1768 1770 1772 1776 1781 1782 1788 1795 1804 1805 1810 1834 1844 1845 1875 1880 1887 1888 1890 1895 1897 1924 1925 1930 1932 1940 1945 1947 1952 1969 1989 1991 1996 2006 2009 2010 2013 2025 2032 2039 2046 2054 2071 2092 2096 2111 2115 2132 2133 2137 2142 2164 2167 2200 2203 2204 2206 2207 2222 2229 2232 2233 2239 2258 2262 2269 2278 2281 2286 2288 2290 2291 2294 2303 2316 2327 2337 2339 2350 2353 2364 2371 2397 2398 2419 2440 2441 2464 2468 2472 2479 2480 2483 2485 2491 2495 2496 2514 2524 2544 2552 2557 2574 2575 2581 2587 2615 2616 2617 2627 2647 2651 2654 2656 2657 2665 2674 2681 2682 2691 2702 2708 2710 2713 2738 2743 2751 2754 2756 2770 2776 2780 2783 2787 2796 2803 2807 2816 2817 2823 2824 2838 2842 2845 2851 2853 2868 2877 2889 2892 2897 2898 2912 2916 2919 2938 2946 2948 2949 2978 2981 2983 2990 2991 2997 2998 
[36361s][BenchMark]第3次测试算例MDG-c_6_n3000_m400
[36374s][INFO]加载文件../Deploy/Instances/MDG-c_6_n3000_m400.txt
[36374s][INFO]矩阵节点数目为:3000  要选的节点数目为:400
[36374s][INFO]随机种子为：1583592570
[39414s][PINCOL_PT]
总迭代步数：2644
[39414s][INFO]400
[39414s][INFO]检查的目标函数值为：6227
[39414s][INFO]目标函数值如下：6227
[39414s][INFO]选出的节点如下： 
[39414s][INFO]8 17 21 22 27 38 42 47 49 58 66 77 78 80 89 99 101 102 104 113 124 127 144 147 159 160 164 169 170 183 187 191 199 214 216 217 224 227 231 233 242 245 246 249 268 278 279 288 289 294 296 303 309 312 322 323 331 347 353 359 367 372 375 420 421 433 457 458 460 462 487 494 499 515 517 523 542 551 557 562 563 567 568 569 573 575 577 585 595 597 609 610 616 628 631 641 656 666 684 698 699 710 722 726 729 745 746 755 773 778 782 799 807 818 821 823 827 833 839 844 850 860 869 874 875 878 883 884 892 901 904 913 920 923 929 938 940 953 955 970 977 981 982 991 996 1003 1014 1015 1017 1024 1050 1060 1062 1066 1073 1075 1078 1092 1101 1104 1108 1116 1139 1141 1143 1152 1164 1169 1172 1174 1176 1182 1184 1192 1199 1213 1217 1226 1243 1251 1261 1268 1272 1287 1300 1312 1316 1319 1327 1329 1335 1345 1348 1365 1370 1375 1378 1379 1380 1381 1383 1388 1391 1396 1400 1402 1408 1414 1457 1462 1465 1474 1475 1484 1491 1509 1510 1541 1558 1572 1574 1588 1601 1606 1622 1628 1642 1650 1663 1670 1671 1674 1679 1688 1691 1700 1714 1717 1721 1724 1732 1738 1741 1745 1760 1771 1773 1775 1779 1787 1789 1790 1816 1821 1822 1832 1841 1845 1852 1854 1856 1859 1867 1874 1881 1894 1896 1897 1901 1932 1992 2004 2009 2010 2012 2018 2023 2027 2036 2057 2059 2062 2064 2067 2078 2083 2084 2090 2099 2110 2125 2126 2145 2167 2177 2179 2188 2196 2202 2216 2221 2223 2229 2243 2247 2267 2271 2277 2283 2284 2315 2316 2324 2336 2337 2339 2346 2348 2356 2362 2363 2368 2381 2396 2398 2404 2418 2428 2456 2461 2465 2476 2479 2482 2484 2503 2509 2520 2522 2529 2536 2546 2555 2557 2566 2570 2571 2576 2587 2588 2589 2599 2605 2613 2614 2626 2628 2639 2647 2648 2669 2677 2682 2685 2693 2696 2700 2701 2706 2713 2738 2757 2771 2775 2783 2788 2792 2798 2799 2800 2805 2831 2851 2853 2854 2865 2883 2884 2890 2899 2912 2913 2948 2955 2971 2972 2974 2978 2984 2987 
[39414s][BenchMark]第4次测试算例MDG-c_6_n3000_m400
[39427s][INFO]加载文件../Deploy/Instances/MDG-c_6_n3000_m400.txt
[39427s][INFO]矩阵节点数目为:3000  要选的节点数目为:400
[39427s][INFO]随机种子为：1583595623
[42451s][PINCOL_PT]
总迭代步数：2668
[42451s][INFO]400
[42451s][INFO]检查的目标函数值为：6289
[42451s][INFO]目标函数值如下：6289
[42451s][INFO]选出的节点如下： 
[42451s][INFO]6 8 20 41 48 58 60 74 82 83 84 90 98 99 102 107 122 136 137 141 161 178 181 188 191 210 228 239 247 249 261 267 270 278 280 295 299 307 312 314 322 329 338 342 374 377 387 400 408 411 413 415 418 424 426 430 435 439 447 451 468 470 471 482 483 486 504 515 525 532 541 547 549 551 552 572 575 577 579 591 601 604 613 618 627 630 633 638 644 645 649 663 664 666 684 686 698 705 709 710 719 724 730 738 743 744 750 751 756 764 770 775 788 798 815 819 823 834 835 848 856 860 875 895 900 904 923 924 949 951 954 957 958 965 969 980 989 998 1024 1026 1039 1049 1053 1059 1064 1065 1069 1076 1082 1093 1101 1106 1110 1112 1123 1125 1133 1140 1143 1154 1159 1165 1166 1192 1213 1220 1236 1237 1239 1258 1264 1272 1274 1285 1291 1295 1298 1300 1318 1325 1327 1333 1336 1342 1348 1352 1357 1379 1381 1385 1386 1392 1426 1437 1438 1450 1457 1463 1470 1475 1483 1486 1506 1559 1565 1567 1568 1583 1584 1598 1613 1619 1630 1632 1633 1637 1641 1642 1650 1659 1663 1664 1666 1678 1684 1699 1712 1718 1723 1740 1767 1774 1781 1783 1790 1800 1803 1805 1814 1817 1830 1831 1833 1837 1838 1840 1879 1882 1890 1895 1900 1905 1916 1918 1926 1929 1942 1947 1954 1961 1964 1967 1977 1982 1991 1995 2013 2022 2031 2036 2042 2046 2054 2059 2067 2069 2072 2073 2075 2087 2091 2094 2095 2096 2099 2120 2122 2129 2130 2144 2151 2156 2162 2168 2181 2184 2191 2199 2221 2234 2236 2240 2242 2244 2250 2262 2273 2274 2282 2290 2309 2316 2320 2325 2331 2339 2341 2342 2348 2353 2356 2358 2363 2378 2380 2385 2412 2417 2421 2423 2455 2459 2467 2480 2489 2490 2495 2507 2510 2517 2522 2538 2549 2554 2561 2562 2567 2570 2579 2581 2585 2601 2605 2620 2641 2642 2648 2671 2684 2694 2699 2722 2727 2740 2757 2767 2774 2790 2791 2792 2799 2803 2806 2817 2821 2822 2828 2829 2835 2842 2845 2849 2856 2860 2861 2865 2866 2889 2896 2905 2906 2917 2927 2932 2936 2938 2956 2958 2970 2996 
[42451s][BenchMark]第5次测试算例MDG-c_6_n3000_m400
[42464s][INFO]加载文件../Deploy/Instances/MDG-c_6_n3000_m400.txt
[42464s][INFO]矩阵节点数目为:3000  要选的节点数目为:400
[42464s][INFO]随机种子为：1583598660
[45474s][PINCOL_PT]
总迭代步数：2579
[45474s][INFO]400
[45474s][INFO]检查的目标函数值为：6086
[45474s][INFO]目标函数值如下：6086
[45474s][INFO]选出的节点如下： 
[45474s][INFO]8 12 25 30 46 48 57 67 72 87 94 96 117 120 121 122 123 125 128 130 132 136 137 140 146 153 165 166 180 181 183 202 210 211 215 260 265 268 277 280 281 288 321 329 330 334 335 346 350 358 363 374 376 387 393 399 403 404 410 411 419 422 424 425 426 427 428 430 433 440 448 453 472 486 487 500 501 503 507 512 530 531 550 553 585 591 598 603 606 612 616 617 625 636 643 666 687 695 702 703 705 707 710 725 726 733 738 745 758 765 768 773 778 784 789 795 796 797 820 823 824 825 831 837 839 843 845 847 849 858 859 873 905 914 926 942 949 952 958 966 985 1000 1022 1037 1039 1040 1044 1057 1067 1075 1079 1104 1106 1113 1116 1124 1140 1144 1147 1169 1182 1187 1190 1200 1210 1218 1234 1236 1238 1242 1254 1259 1270 1280 1289 1296 1297 1300 1303 1312 1321 1329 1333 1335 1343 1346 1353 1381 1382 1385 1388 1390 1396 1397 1399 1402 1403 1407 1413 1419 1426 1427 1450 1459 1466 1473 1487 1488 1492 1497 1498 1502 1506 1521 1523 1524 1527 1529 1530 1543 1552 1581 1584 1593 1614 1618 1625 1627 1628 1643 1658 1677 1683 1691 1696 1706 1710 1722 1731 1739 1740 1746 1752 1768 1772 1777 1781 1783 1788 1793 1796 1799 1809 1815 1824 1836 1853 1858 1869 1871 1881 1885 1892 1900 1904 1932 1936 1938 1947 1950 1954 1973 1981 1982 1996 2011 2014 2015 2032 2039 2041 2042 2050 2061 2066 2068 2070 2071 2079 2081 2091 2095 2104 2116 2117 2132 2133 2137 2140 2145 2147 2148 2152 2162 2191 2198 2201 2203 2214 2217 2241 2243 2262 2278 2280 2281 2311 2324 2325 2327 2351 2359 2378 2381 2406 2411 2419 2432 2446 2449 2456 2468 2475 2477 2480 2484 2490 2501 2509 2512 2516 2520 2533 2540 2545 2558 2562 2566 2576 2585 2594 2595 2612 2616 2619 2622 2626 2628 2648 2660 2686 2700 2715 2723 2736 2753 2754 2757 2758 2768 2771 2781 2784 2796 2797 2806 2810 2816 2823 2837 2842 2853 2860 2862 2877 2888 2891 2901 2907 2918 2931 2939 2941 2942 2949 2953 2964 2973 2979 2998 
[45474s][BenchMark]第1次测试算例MDG-c_8_n3000_m400
[45487s][INFO]加载文件../Deploy/Instances/MDG-c_8_n3000_m400.txt
[45487s][INFO]矩阵节点数目为:3000  要选的节点数目为:400
[45487s][INFO]随机种子为：1583601682
[48532s][PINCOL_PT]
总迭代步数：1893
[48532s][INFO]400
[48532s][INFO]检查的目标函数值为：6305
[48532s][INFO]目标函数值如下：6305
[48532s][INFO]选出的节点如下： 
[48532s][INFO]0 3 9 10 17 19 22 23 27 30 38 43 49 52 56 64 65 72 78 97 101 124 128 133 138 156 175 179 182 193 194 198 200 203 206 207 210 253 258 276 277 281 287 290 291 297 315 318 328 336 337 341 349 373 382 384 385 392 408 410 443 448 454 456 462 469 473 477 489 493 499 500 511 524 525 539 541 543 547 550 559 574 598 599 604 627 638 643 650 657 660 668 676 699 707 709 725 736 739 746 750 751 759 764 767 778 788 795 805 813 814 815 818 823 829 830 832 840 844 859 862 874 883 889 895 910 915 920 925 944 948 951 954 964 976 977 983 988 997 1003 1012 1030 1045 1058 1061 1065 1070 1106 1120 1121 1122 1132 1140 1142 1145 1194 1196 1205 1210 1232 1233 1243 1252 1273 1280 1306 1310 1338 1339 1347 1350 1355 1357 1358 1360 1372 1398 1408 1409 1413 1416 1428 1437 1443 1453 1458 1466 1483 1492 1503 1513 1515 1518 1519 1527 1532 1538 1540 1546 1551 1556 1558 1573 1574 1596 1605 1606 1618 1623 1624 1636 1639 1640 1652 1653 1661 1662 1668 1671 1673 1713 1722 1725 1727 1728 1742 1743 1746 1758 1761 1764 1765 1778 1788 1809 1810 1817 1820 1823 1828 1829 1832 1834 1849 1852 1853 1854 1867 1881 1887 1890 1918 1922 1932 1934 1958 1959 1961 1975 1978 1984 1996 2003 2011 2014 2018 2019 2021 2044 2051 2053 2076 2078 2081 2085 2097 2103 2116 2127 2130 2136 2137 2144 2154 2162 2164 2167 2171 2176 2188 2194 2196 2203 2220 2241 2246 2247 2263 2276 2278 2287 2291 2292 2298 2302 2303 2312 2317 2333 2363 2368 2369 2392 2393 2400 2401 2403 2409 2413 2429 2431 2441 2446 2462 2477 2486 2488 2492 2498 2503 2516 2519 2525 2534 2539 2540 2543 2554 2568 2572 2575 2583 2605 2606 2618 2621 2622 2631 2637 2639 2641 2646 2656 2661 2672 2676 2679 2682 2693 2709 2710 2715 2738 2748 2749 2750 2754 2758 2764 2780 2784 2805 2814 2816 2834 2838 2844 2853 2856 2858 2861 2868 2870 2900 2905 2910 2919 2930 2938 2940 2945 2946 2950 2959 2968 2970 2971 2976 2989 2991 
[48532s][BenchMark]第2次测试算例MDG-c_8_n3000_m400
[48545s][INFO]加载文件../Deploy/Instances/MDG-c_8_n3000_m400.txt
[48545s][INFO]矩阵节点数目为:3000  要选的节点数目为:400
[48545s][INFO]随机种子为：1583604741
[51580s][PINCOL_PT]
总迭代步数：2496
[51580s][INFO]400
[51580s][INFO]检查的目标函数值为：6173
[51580s][INFO]目标函数值如下：6173
[51580s][INFO]选出的节点如下： 
[51580s][INFO]7 9 17 19 27 40 43 64 68 78 84 91 99 102 111 119 128 129 138 139 146 148 154 159 164 165 167 173 184 187 200 201 221 223 245 248 273 294 303 304 308 309 318 332 337 338 341 357 361 381 386 396 402 424 426 438 458 467 477 481 482 496 513 523 546 548 549 552 553 555 556 558 561 566 577 585 596 597 599 606 622 638 640 649 662 668 678 703 705 731 743 748 764 766 769 770 784 801 806 808 819 855 860 871 877 879 883 888 901 906 915 931 941 951 952 962 964 968 978 985 986 992 1010 1023 1024 1046 1050 1052 1078 1079 1084 1100 1106 1117 1118 1140 1181 1186 1191 1202 1206 1210 1212 1221 1229 1257 1260 1263 1266 1267 1269 1270 1272 1289 1292 1293 1305 1307 1310 1316 1329 1337 1345 1354 1356 1357 1360 1365 1369 1392 1401 1411 1413 1414 1415 1418 1423 1437 1444 1452 1453 1459 1471 1478 1482 1485 1487 1498 1503 1504 1511 1517 1518 1520 1538 1539 1549 1565 1575 1579 1598 1606 1619 1627 1637 1642 1648 1652 1654 1663 1668 1669 1670 1671 1677 1692 1697 1700 1711 1716 1727 1733 1746 1753 1754 1776 1783 1791 1804 1820 1821 1822 1823 1824 1837 1840 1841 1851 1853 1854 1857 1868 1870 1873 1876 1880 1885 1886 1907 1919 1951 1958 1959 1962 1979 1983 1984 2003 2004 2007 2008 2025 2026 2053 2057 2059 2075 2076 2095 2102 2107 2112 2113 2115 2130 2138 2141 2152 2155 2166 2170 2178 2197 2209 2217 2221 2222 2224 2230 2234 2237 2238 2239 2245 2251 2253 2267 2268 2271 2273 2279 2286 2288 2297 2301 2305 2322 2325 2333 2353 2360 2365 2369 2375 2377 2383 2390 2391 2411 2422 2426 2453 2460 2465 2468 2475 2476 2477 2490 2493 2512 2515 2516 2539 2549 2551 2558 2575 2583 2601 2621 2629 2630 2631 2637 2642 2648 2655 2656 2669 2673 2678 2680 2690 2695 2696 2697 2698 2707 2711 2713 2719 2751 2757 2758 2781 2791 2799 2807 2809 2811 2834 2836 2854 2859 2869 2873 2874 2886 2897 2911 2914 2920 2926 2932 2934 2935 2938 2945 2949 2959 2960 2965 2967 2970 2976 2983 2988 2993 2994 
[51580s][BenchMark]第3次测试算例MDG-c_8_n3000_m400
[51594s][INFO]加载文件../Deploy/Instances/MDG-c_8_n3000_m400.txt
[51594s][INFO]矩阵节点数目为:3000  要选的节点数目为:400
[51594s][INFO]随机种子为：1583607790
[54606s][PINCOL_PT]
总迭代步数：2700
[54606s][INFO]400
[54606s][INFO]检查的目标函数值为：5953
[54606s][INFO]目标函数值如下：5953
[54606s][INFO]选出的节点如下： 
[54606s][INFO]2 7 9 11 14 15 16 31 43 45 51 63 64 74 80 84 99 105 106 113 121 126 134 135 137 143 150 151 156 158 160 168 172 174 179 180 197 200 217 231 240 254 255 261 265 269 270 275 279 284 287 301 343 350 361 370 402 404 420 423 434 441 445 451 452 464 469 471 472 489 493 500 503 508 517 531 533 544 545 550 555 566 571 572 586 590 591 593 601 602 608 612 617 622 649 655 657 668 675 676 702 706 716 717 736 747 757 765 766 777 791 797 802 807 876 878 879 883 887 890 897 901 930 945 946 951 966 967 975 1000 1001 1016 1023 1029 1041 1042 1051 1059 1060 1066 1075 1091 1096 1101 1103 1110 1121 1138 1145 1153 1173 1176 1180 1191 1203 1208 1223 1232 1250 1258 1259 1271 1274 1276 1278 1289 1291 1295 1309 1318 1327 1331 1332 1335 1356 1357 1366 1374 1385 1392 1394 1401 1405 1439 1451 1456 1477 1490 1492 1499 1510 1512 1517 1520 1532 1534 1541 1558 1559 1563 1565 1570 1573 1589 1592 1593 1599 1601 1614 1616 1618 1619 1633 1635 1636 1648 1650 1662 1667 1674 1681 1700 1727 1733 1736 1738 1751 1756 1760 1763 1766 1768 1769 1776 1777 1780 1797 1798 1802 1803 1805 1815 1824 1826 1829 1838 1840 1846 1853 1854 1860 1866 1895 1897 1900 1928 1933 1934 1944 1951 1958 1971 1978 1998 2001 2006 2009 2010 2020 2050 2052 2058 2075 2080 2083 2088 2109 2110 2111 2115 2116 2141 2143 2153 2154 2155 2156 2165 2182 2193 2195 2206 2210 2237 2254 2258 2260 2264 2271 2272 2276 2279 2283 2284 2291 2302 2310 2317 2325 2329 2335 2346 2356 2366 2379 2388 2393 2405 2417 2419 2442 2446 2452 2453 2463 2487 2490 2507 2516 2527 2532 2542 2550 2553 2557 2561 2565 2566 2573 2585 2590 2593 2603 2605 2612 2617 2619 2626 2639 2640 2642 2650 2652 2654 2658 2659 2666 2680 2684 2707 2712 2715 2721 2722 2726 2739 2744 2755 2759 2766 2769 2778 2789 2793 2796 2802 2811 2827 2855 2881 2882 2883 2891 2901 2906 2915 2919 2926 2928 2935 2947 2948 2952 2962 2968 2971 2975 2977 2983 2999 
[54606s][BenchMark]第4次测试算例MDG-c_8_n3000_m400
[54619s][INFO]加载文件../Deploy/Instances/MDG-c_8_n3000_m400.txt
[54619s][INFO]矩阵节点数目为:3000  要选的节点数目为:400
[54619s][INFO]随机种子为：1583610815
[57649s][PINCOL_PT]
总迭代步数：2700
[57649s][INFO]400
[57649s][INFO]检查的目标函数值为：6375
[57649s][INFO]目标函数值如下：6375
[57649s][INFO]选出的节点如下： 
[57649s][INFO]1 6 15 26 33 42 45 49 52 57 63 69 77 81 85 92 125 126 136 140 149 153 160 162 168 178 183 200 204 215 226 242 265 281 285 289 299 302 306 319 320 327 331 340 356 357 370 379 380 381 385 388 400 403 407 409 417 420 431 436 439 441 449 453 471 474 479 486 490 493 515 521 524 532 546 548 550 558 565 574 579 599 601 603 606 607 609 614 621 623 635 640 672 679 683 692 693 703 712 720 723 725 739 741 756 775 780 783 784 789 795 796 798 804 805 807 825 828 833 844 845 849 854 866 867 873 874 881 890 894 897 898 912 916 926 928 949 953 955 957 965 983 988 992 1018 1027 1029 1035 1042 1043 1053 1066 1077 1080 1081 1087 1091 1100 1101 1109 1120 1123 1133 1137 1147 1151 1169 1183 1184 1201 1206 1227 1229 1236 1242 1255 1258 1262 1269 1271 1274 1283 1291 1293 1306 1320 1324 1325 1327 1331 1341 1356 1363 1364 1366 1371 1374 1377 1382 1401 1410 1418 1421 1424 1430 1432 1441 1448 1469 1494 1496 1522 1527 1529 1537 1554 1561 1563 1572 1578 1583 1584 1587 1588 1600 1602 1603 1607 1612 1620 1621 1622 1624 1636 1637 1642 1647 1651 1653 1655 1662 1684 1685 1693 1696 1703 1704 1720 1722 1731 1763 1769 1777 1779 1786 1792 1793 1799 1800 1801 1803 1814 1819 1833 1843 1849 1859 1860 1862 1875 1913 1926 1927 1931 1936 1940 1950 1980 1985 1992 1993 1997 1998 2001 2024 2048 2054 2076 2081 2088 2164 2168 2171 2174 2218 2226 2240 2241 2252 2268 2275 2279 2287 2290 2291 2296 2298 2306 2309 2320 2326 2330 2346 2365 2369 2385 2386 2390 2391 2403 2406 2417 2421 2435 2438 2445 2446 2447 2459 2460 2462 2474 2492 2493 2495 2502 2505 2513 2532 2533 2538 2542 2547 2556 2560 2562 2563 2570 2571 2583 2593 2608 2611 2621 2626 2640 2649 2652 2662 2663 2676 2679 2680 2681 2696 2699 2714 2716 2718 2721 2730 2738 2754 2756 2779 2794 2807 2815 2823 2825 2840 2846 2849 2869 2880 2897 2898 2902 2911 2916 2939 2942 2943 2945 2958 2962 2967 2993 2996 2997 
[57649s][BenchMark]第5次测试算例MDG-c_8_n3000_m400
[57662s][INFO]加载文件../Deploy/Instances/MDG-c_8_n3000_m400.txt
[57662s][INFO]矩阵节点数目为:3000  要选的节点数目为:400
[57662s][INFO]随机种子为：1583613857
[60680s][PINCOL_PT]
总迭代步数：2845
[60680s][INFO]400
[60680s][INFO]检查的目标函数值为：6233
[60680s][INFO]目标函数值如下：6233
[60680s][INFO]选出的节点如下： 
[60680s][INFO]5 6 14 26 60 65 76 99 100 101 122 126 132 141 155 173 195 199 208 211 213 214 217 223 228 233 235 243 251 263 265 274 275 293 301 310 339 344 346 354 380 381 385 389 390 391 393 408 428 431 439 452 464 466 467 470 472 489 497 501 511 520 522 523 553 554 558 572 575 576 594 597 610 612 630 634 636 637 640 649 657 663 666 670 678 684 696 705 706 707 714 736 740 766 768 770 771 773 777 787 788 799 804 805 816 818 822 828 838 847 861 863 865 872 874 887 896 905 915 929 951 954 967 975 978 980 993 996 1002 1019 1030 1031 1033 1042 1045 1064 1069 1070 1078 1080 1081 1089 1116 1124 1134 1138 1147 1160 1162 1177 1179 1182 1191 1196 1204 1205 1213 1215 1224 1230 1248 1253 1261 1285 1296 1297 1299 1303 1304 1311 1319 1325 1326 1334 1335 1360 1366 1371 1382 1389 1402 1414 1417 1433 1436 1438 1451 1454 1459 1469 1481 1487 1495 1496 1497 1502 1511 1515 1516 1517 1524 1526 1527 1530 1563 1568 1570 1571 1573 1574 1576 1577 1586 1593 1598 1599 1600 1611 1612 1625 1636 1664 1669 1681 1691 1696 1698 1714 1716 1731 1737 1753 1761 1762 1766 1767 1770 1777 1790 1794 1797 1800 1815 1823 1834 1851 1854 1881 1888 1889 1922 1923 1927 1934 1942 1943 1949 1955 1969 1973 1976 1985 1986 1993 2022 2029 2037 2042 2052 2070 2081 2082 2096 2097 2105 2109 2111 2117 2126 2133 2152 2160 2167 2169 2175 2176 2181 2197 2199 2203 2204 2211 2225 2227 2230 2243 2250 2253 2261 2263 2268 2269 2281 2284 2291 2306 2320 2322 2324 2329 2333 2338 2340 2346 2348 2364 2371 2379 2380 2392 2394 2397 2406 2408 2410 2439 2441 2442 2444 2458 2464 2465 2476 2489 2491 2493 2495 2505 2513 2514 2523 2529 2531 2534 2551 2553 2554 2560 2562 2571 2574 2587 2598 2605 2612 2615 2616 2646 2648 2651 2655 2665 2668 2671 2680 2690 2699 2701 2703 2705 2708 2724 2727 2734 2739 2753 2755 2760 2769 2771 2778 2822 2823 2867 2868 2869 2870 2871 2873 2882 2896 2897 2913 2916 2922 2926 2928 2937 2938 2999 
[60681s][BenchMark]第1次测试算例MDG-c_14_n3000_m500
[60694s][INFO]加载文件../Deploy/Instances/MDG-c_14_n3000_m500.txt
[60694s][INFO]矩阵节点数目为:3000  要选的节点数目为:500
[60694s][INFO]随机种子为：1583616889
[63741s][PINCOL_PT]
总迭代步数：1138
[63741s][INFO]500
[63741s][INFO]检查的目标函数值为：7972
[63741s][INFO]目标函数值如下：7972
[63741s][INFO]选出的节点如下： 
[63741s][INFO]0 5 18 31 32 40 50 51 53 55 77 78 91 100 117 119 127 130 133 134 136 137 138 139 140 144 148 160 163 167 168 171 173 181 190 199 204 209 213 228 232 233 235 240 241 242 243 247 249 263 269 271 282 283 286 290 293 301 316 318 343 354 360 367 368 370 374 375 383 388 389 391 399 405 418 424 425 432 435 436 440 448 460 461 464 465 489 492 495 497 500 504 507 510 517 527 533 541 544 548 553 562 574 575 576 577 602 608 611 619 623 627 629 638 641 644 647 651 663 664 668 672 674 675 677 682 685 705 709 712 728 731 734 740 744 759 761 763 769 775 782 794 796 801 803 806 812 815 822 832 834 850 857 862 866 878 889 899 901 917 919 922 924 925 928 933 935 936 939 948 965 976 983 989 992 998 1010 1013 1021 1022 1024 1029 1032 1037 1039 1040 1042 1049 1052 1054 1060 1063 1064 1065 1076 1081 1086 1088 1095 1097 1100 1107 1109 1110 1111 1115 1123 1134 1145 1153 1160 1166 1171 1175 1184 1185 1186 1189 1190 1195 1197 1198 1199 1201 1206 1219 1236 1253 1254 1280 1286 1293 1300 1301 1302 1307 1316 1321 1335 1340 1354 1358 1373 1381 1384 1389 1392 1403 1408 1415 1417 1432 1439 1441 1444 1455 1459 1464 1474 1484 1500 1501 1503 1519 1522 1527 1533 1535 1541 1542 1543 1546 1549 1554 1559 1562 1563 1571 1574 1580 1587 1595 1597 1600 1609 1630 1633 1638 1643 1648 1653 1662 1667 1670 1685 1689 1693 1696 1698 1700 1726 1737 1743 1747 1767 1770 1774 1775 1796 1800 1803 1804 1805 1808 1811 1813 1825 1831 1845 1846 1849 1852 1860 1865 1879 1880 1889 1904 1912 1913 1919 1925 1927 1929 1934 1935 1955 1967 1971 1980 1989 1992 2000 2005 2015 2031 2033 2039 2045 2046 2049 2053 2064 2067 2074 2080 2085 2091 2097 2098 2100 2105 2106 2112 2114 2133 2134 2135 2150 2155 2159 2180 2184 2188 2190 2191 2199 2200 2206 2212 2216 2218 2225 2229 2234 2238 2239 2244 2247 2251 2252 2253 2257 2271 2272 2290 2291 2308 2314 2316 2321 2326 2328 2331 2337 2341 2346 2362 2385 2391 2393 2396 2402 2415 2420 2438 2447 2449 2454 2458 2461 2475 2488 2490 2498 2500 2502 2510 2511 2514 2525 2534 2538 2541 2547 2548 2557 2572 2574 2578 2585 2592 2595 2596 2597 2602 2622 2625 2628 2632 2640 2641 2651 2657 2662 2672 2684 2685 2686 2687 2690 2732 2736 2741 2749 2757 2763 2768 2770 2773 2779 2783 2791 2792 2796 2800 2813 2837 2845 2848 2856 2864 2873 2876 2890 2892 2898 2899 2915 2921 2924 2925 2933 2934 2939 2944 2979 2981 2987 2994 
[63742s][BenchMark]第2次测试算例MDG-c_14_n3000_m500
[63754s][INFO]加载文件../Deploy/Instances/MDG-c_14_n3000_m500.txt
[63754s][INFO]矩阵节点数目为:3000  要选的节点数目为:500
[63754s][INFO]随机种子为：1583619950
[66796s][PINCOL_PT]
总迭代步数：1469
[66796s][INFO]500
[66796s][INFO]检查的目标函数值为：8413
[66796s][INFO]目标函数值如下：8413
[66796s][INFO]选出的节点如下： 
[66796s][INFO]6 10 17 21 32 35 42 45 49 50 54 58 64 66 67 69 72 74 75 76 78 79 80 88 91 103 104 118 129 131 134 138 148 166 175 185 186 199 203 206 215 231 232 237 239 243 246 268 290 302 304 307 310 318 320 324 325 330 333 343 350 351 358 362 364 365 368 375 376 381 382 386 389 412 414 416 417 422 424 425 426 431 436 452 457 464 465 470 480 492 507 508 513 523 536 538 541 543 545 546 553 557 560 561 563 568 571 578 582 594 596 603 614 620 627 628 630 635 638 649 661 663 668 677 682 696 708 714 719 720 722 724 726 729 731 736 762 772 776 785 789 792 807 813 817 834 836 839 851 855 859 861 864 874 877 878 889 890 893 897 899 902 907 911 927 932 947 949 963 964 967 968 971 974 983 990 1001 1009 1010 1011 1012 1016 1021 1026 1031 1046 1048 1055 1066 1067 1082 1083 1084 1096 1100 1101 1102 1105 1110 1114 1115 1128 1135 1137 1138 1139 1140 1141 1142 1143 1156 1157 1167 1169 1179 1189 1196 1202 1203 1216 1234 1235 1237 1239 1241 1242 1244 1245 1252 1262 1264 1268 1282 1291 1300 1311 1312 1314 1316 1330 1341 1345 1350 1352 1379 1386 1389 1392 1403 1426 1428 1429 1431 1435 1436 1451 1452 1457 1470 1479 1480 1499 1500 1510 1515 1520 1522 1529 1530 1531 1532 1533 1534 1543 1554 1557 1567 1572 1592 1606 1607 1618 1639 1641 1648 1657 1678 1681 1682 1696 1713 1717 1719 1720 1722 1724 1731 1733 1734 1737 1741 1743 1745 1748 1754 1755 1758 1764 1766 1775 1798 1799 1800 1802 1817 1820 1824 1831 1833 1838 1849 1850 1851 1853 1859 1861 1864 1867 1868 1875 1880 1882 1883 1885 1888 1912 1921 1936 1937 1939 1940 1944 1947 1963 1968 1972 1984 2000 2006 2018 2019 2027 2030 2041 2042 2044 2050 2064 2073 2099 2109 2110 2113 2124 2131 2134 2136 2138 2142 2143 2159 2162 2183 2196 2209 2235 2238 2239 2240 2243 2244 2249 2251 2272 2282 2300 2307 2311 2313 2319 2326 2328 2331 2332 2340 2348 2349 2350 2360 2365 2383 2386 2394 2398 2404 2405 2407 2408 2410 2419 2421 2422 2440 2453 2456 2458 2459 2472 2473 2476 2483 2487 2490 2491 2496 2506 2511 2513 2523 2524 2534 2536 2543 2546 2559 2572 2573 2580 2581 2591 2606 2622 2640 2650 2663 2667 2674 2677 2678 2679 2687 2689 2694 2698 2704 2706 2720 2721 2722 2735 2736 2737 2741 2744 2753 2761 2771 2793 2795 2815 2819 2820 2821 2827 2829 2832 2851 2856 2860 2862 2864 2889 2894 2905 2906 2909 2925 2933 2940 2943 2952 2953 2957 2962 2963 2966 2975 2978 2986 2989 
[66796s][BenchMark]第3次测试算例MDG-c_14_n3000_m500
[66810s][INFO]加载文件../Deploy/Instances/MDG-c_14_n3000_m500.txt
[66810s][INFO]矩阵节点数目为:3000  要选的节点数目为:500
[66810s][INFO]随机种子为：1583623006
[69871s][PINCOL_PT]
总迭代步数：1456
[69871s][INFO]500
[69871s][INFO]检查的目标函数值为：7764
[69871s][INFO]目标函数值如下：7764
[69871s][INFO]选出的节点如下： 
[69871s][INFO]4 6 10 14 23 25 47 51 58 67 70 79 94 99 101 102 106 110 113 115 129 135 141 148 157 159 174 182 183 191 192 201 211 213 222 223 224 225 237 249 259 287 295 299 322 323 326 338 343 349 353 372 377 380 388 395 398 405 407 409 417 418 424 425 426 430 436 446 449 452 454 457 460 464 465 466 469 470 482 483 504 516 519 526 528 530 532 551 554 566 582 583 585 589 622 633 637 652 662 665 666 669 670 672 678 681 689 692 708 709 715 721 726 730 731 738 741 752 774 777 779 782 787 791 801 808 817 834 843 844 847 856 857 860 862 867 869 870 877 891 896 899 903 908 909 925 926 930 931 940 944 969 974 975 977 984 987 990 996 997 1003 1004 1009 1013 1022 1028 1042 1045 1068 1070 1073 1076 1077 1085 1097 1099 1103 1104 1106 1112 1115 1118 1124 1125 1128 1129 1130 1134 1136 1141 1147 1153 1155 1156 1167 1168 1176 1183 1189 1209 1212 1213 1214 1220 1223 1233 1248 1255 1259 1265 1289 1290 1296 1307 1308 1314 1327 1331 1332 1339 1340 1344 1345 1359 1361 1369 1374 1390 1392 1393 1399 1402 1405 1407 1412 1414 1430 1432 1435 1444 1446 1450 1464 1466 1468 1469 1470 1472 1477 1478 1494 1496 1497 1501 1508 1509 1516 1530 1546 1551 1552 1553 1571 1577 1583 1585 1589 1592 1603 1606 1612 1617 1624 1625 1631 1635 1637 1648 1652 1667 1698 1721 1732 1753 1764 1771 1776 1778 1782 1783 1786 1787 1793 1796 1801 1809 1825 1827 1832 1839 1842 1847 1858 1872 1879 1882 1885 1888 1899 1905 1913 1914 1923 1927 1929 1945 1947 1960 1961 1977 1979 1983 1994 1999 2005 2006 2014 2019 2036 2041 2042 2043 2049 2050 2066 2068 2073 2078 2080 2083 2095 2097 2103 2107 2114 2120 2121 2122 2124 2135 2137 2147 2154 2182 2187 2195 2202 2206 2210 2219 2221 2225 2229 2231 2244 2246 2247 2252 2258 2259 2260 2265 2272 2274 2280 2292 2295 2300 2304 2309 2313 2316 2322 2323 2336 2337 2352 2355 2358 2367 2375 2381 2385 2389 2396 2397 2403 2405 2406 2407 2413 2429 2432 2433 2442 2443 2450 2459 2462 2467 2468 2471 2473 2478 2486 2487 2494 2496 2501 2509 2511 2529 2530 2531 2539 2545 2548 2550 2553 2557 2571 2588 2594 2597 2600 2601 2602 2603 2607 2611 2612 2613 2622 2628 2630 2642 2644 2645 2646 2657 2661 2664 2670 2671 2679 2689 2695 2707 2711 2718 2719 2728 2742 2743 2749 2751 2763 2775 2788 2795 2820 2822 2823 2824 2830 2835 2845 2850 2855 2859 2860 2864 2865 2871 2876 2884 2888 2895 2897 2900 2907 2922 2925 2928 2935 2937 2972 2986 2987 2996 
[69872s][BenchMark]第4次测试算例MDG-c_14_n3000_m500
[69884s][INFO]加载文件../Deploy/Instances/MDG-c_14_n3000_m500.txt
[69884s][INFO]矩阵节点数目为:3000  要选的节点数目为:500
[69884s][INFO]随机种子为：1583626080
[72965s][PINCOL_PT]
总迭代步数：1464
[72965s][INFO]500
[72965s][INFO]检查的目标函数值为：8021
[72965s][INFO]目标函数值如下：8021
[72965s][INFO]选出的节点如下： 
[72965s][INFO]6 20 39 48 70 82 87 104 107 110 111 112 122 127 137 150 154 160 174 176 193 195 197 204 207 213 215 218 220 228 230 236 238 245 262 264 277 281 284 292 301 303 308 314 318 322 323 332 335 336 339 346 363 365 373 389 390 400 409 420 430 431 434 440 443 448 450 464 467 471 472 479 480 483 489 490 497 500 504 512 535 539 543 548 556 557 567 569 573 580 585 593 596 598 621 626 639 643 645 646 651 652 657 661 667 668 669 672 676 677 680 681 686 697 706 709 714 724 725 730 755 756 763 765 774 775 778 788 790 794 795 807 810 815 817 820 821 822 825 835 841 845 846 848 854 859 867 875 882 884 896 897 905 918 922 923 935 942 944 945 946 952 953 960 970 971 975 977 978 980 995 1007 1014 1015 1023 1024 1027 1031 1035 1036 1037 1053 1054 1055 1067 1072 1077 1080 1084 1086 1091 1092 1102 1103 1108 1110 1111 1127 1149 1164 1185 1199 1201 1206 1208 1211 1225 1236 1244 1245 1247 1256 1263 1264 1267 1276 1281 1286 1294 1296 1302 1304 1315 1317 1318 1322 1333 1334 1338 1339 1348 1350 1354 1355 1357 1359 1374 1377 1381 1387 1392 1398 1415 1423 1427 1446 1452 1456 1461 1468 1475 1480 1485 1493 1494 1499 1500 1505 1506 1515 1521 1535 1542 1543 1544 1573 1577 1579 1586 1592 1606 1610 1615 1618 1635 1642 1643 1653 1654 1664 1669 1684 1691 1696 1697 1698 1706 1721 1736 1737 1747 1750 1754 1760 1761 1774 1778 1784 1786 1789 1793 1797 1800 1801 1810 1822 1832 1837 1838 1844 1846 1849 1852 1853 1856 1860 1862 1869 1870 1874 1877 1883 1889 1892 1902 1920 1925 1933 1935 1945 1951 1959 1960 1982 1983 1988 1997 2003 2005 2014 2015 2025 2029 2040 2041 2042 2049 2053 2057 2075 2079 2088 2092 2093 2097 2110 2123 2125 2126 2136 2143 2168 2170 2172 2190 2194 2195 2197 2202 2210 2212 2214 2220 2242 2244 2249 2254 2255 2259 2266 2272 2275 2284 2287 2289 2294 2297 2300 2308 2309 2318 2328 2330 2344 2347 2353 2354 2357 2361 2365 2374 2390 2391 2394 2395 2402 2406 2407 2419 2428 2433 2437 2445 2448 2450 2451 2452 2470 2475 2481 2482 2485 2490 2491 2494 2496 2502 2506 2510 2513 2515 2519 2520 2521 2523 2527 2534 2543 2549 2556 2560 2567 2574 2577 2588 2592 2599 2602 2611 2613 2615 2622 2625 2628 2643 2645 2650 2668 2703 2712 2719 2722 2726 2728 2740 2741 2743 2751 2755 2758 2762 2775 2791 2792 2799 2803 2804 2830 2833 2836 2847 2861 2870 2875 2882 2894 2914 2915 2918 2927 2936 2948 2957 2960 2962 2963 2976 2986 2992 2993 
[72965s][BenchMark]第5次测试算例MDG-c_14_n3000_m500
[72979s][INFO]加载文件../Deploy/Instances/MDG-c_14_n3000_m500.txt
[72979s][INFO]矩阵节点数目为:3000  要选的节点数目为:500
[72979s][INFO]随机种子为：1583629175
[76163s][PINCOL_PT]
总迭代步数：1545
[76163s][INFO]500
[76163s][INFO]检查的目标函数值为：7812
[76163s][INFO]目标函数值如下：7812
[76163s][INFO]选出的节点如下： 
[76163s][INFO]7 11 12 13 19 38 45 55 59 66 70 80 87 88 96 109 110 116 125 127 133 136 138 141 146 167 186 190 200 207 212 213 225 227 234 235 244 271 276 281 288 289 303 305 306 311 313 327 330 333 335 342 346 354 357 366 372 373 379 380 386 390 391 392 394 406 407 408 410 411 423 430 435 445 449 454 462 471 473 481 485 486 487 491 493 511 514 516 520 521 525 529 533 541 547 548 549 564 570 575 590 599 600 608 609 612 631 651 654 655 657 659 660 670 671 674 678 681 683 692 700 708 715 718 726 734 743 752 760 763 768 773 783 797 803 808 816 821 838 845 847 849 850 852 855 876 884 891 900 903 908 910 913 915 916 918 923 926 939 942 947 952 964 966 967 972 978 983 985 996 1000 1006 1009 1012 1029 1030 1035 1064 1065 1069 1075 1077 1094 1098 1109 1118 1126 1136 1139 1140 1169 1170 1181 1193 1196 1211 1228 1230 1234 1236 1244 1248 1250 1252 1253 1255 1258 1272 1275 1277 1300 1304 1314 1317 1320 1322 1332 1334 1335 1341 1342 1350 1357 1370 1374 1383 1399 1401 1411 1412 1419 1430 1436 1439 1452 1453 1455 1463 1466 1477 1479 1485 1493 1496 1502 1505 1512 1518 1521 1538 1539 1543 1550 1562 1573 1579 1580 1587 1592 1601 1603 1609 1616 1617 1619 1621 1624 1627 1631 1633 1635 1641 1644 1647 1652 1653 1655 1670 1673 1692 1694 1705 1712 1714 1717 1719 1720 1726 1735 1739 1741 1767 1772 1777 1780 1784 1791 1792 1796 1799 1800 1804 1811 1814 1831 1839 1842 1848 1850 1853 1857 1858 1874 1879 1892 1896 1897 1902 1904 1910 1911 1913 1929 1932 1935 1938 1946 1955 1960 1965 1969 1970 1972 1975 1976 1978 1979 1981 1987 1990 1991 2009 2013 2017 2019 2020 2035 2037 2048 2066 2067 2076 2079 2083 2091 2097 2104 2132 2138 2140 2144 2145 2148 2162 2166 2168 2175 2176 2181 2191 2193 2194 2203 2204 2212 2213 2218 2219 2222 2227 2229 2231 2238 2244 2245 2249 2254 2259 2272 2275 2281 2284 2290 2299 2305 2309 2314 2318 2322 2326 2330 2334 2349 2353 2365 2371 2386 2389 2391 2396 2401 2413 2414 2436 2439 2440 2445 2446 2455 2458 2463 2476 2477 2478 2498 2501 2518 2520 2527 2543 2547 2556 2576 2578 2591 2596 2598 2604 2613 2617 2643 2649 2658 2670 2673 2674 2675 2686 2699 2703 2708 2711 2719 2721 2723 2724 2727 2728 2729 2730 2733 2737 2748 2751 2757 2763 2764 2765 2770 2773 2774 2778 2779 2794 2795 2812 2831 2835 2836 2841 2844 2862 2871 2887 2888 2892 2896 2897 2906 2916 2922 2929 2936 2939 2943 2964 2975 2977 2988 2997 
[76163s][BenchMark]第1次测试算例MDG-c_17_n3000_m600
[76176s][INFO]加载文件../Deploy/Instances/MDG-c_17_n3000_m600.txt
[76176s][INFO]矩阵节点数目为:3000  要选的节点数目为:600
[76176s][INFO]随机种子为：1583632372
[79212s][PINCOL_PT]
总迭代步数：784
[79212s][INFO]600
[79212s][INFO]检查的目标函数值为：9974
[79212s][INFO]目标函数值如下：9974
[79212s][INFO]选出的节点如下： 
[79212s][INFO]5 10 22 33 34 35 43 47 53 58 59 70 73 80 93 98 101 103 107 111 112 113 118 119 121 124 133 150 159 162 169 188 198 199 207 210 220 222 226 227 231 239 246 249 251 252 258 261 262 266 279 282 284 296 298 303 311 315 319 327 328 335 336 339 341 342 356 360 368 373 378 384 388 390 395 399 400 406 420 421 424 428 429 433 434 438 446 456 458 468 473 476 482 490 491 492 494 503 504 516 521 524 525 528 537 544 546 549 556 564 567 568 575 579 580 581 585 587 592 602 603 608 622 623 624 629 630 637 644 647 648 653 657 662 667 671 673 689 695 704 706 707 710 712 723 730 732 733 743 744 745 750 752 754 755 756 759 761 769 774 781 784 791 795 797 800 806 821 824 827 830 831 837 838 842 851 854 855 856 858 863 868 875 887 891 895 907 921 927 928 929 932 933 935 938 942 944 945 946 959 964 965 966 967 968 969 972 976 977 980 987 995 996 1002 1005 1007 1012 1019 1027 1032 1038 1046 1050 1051 1065 1068 1072 1078 1079 1080 1081 1090 1092 1097 1110 1121 1127 1133 1135 1137 1139 1141 1145 1148 1149 1153 1154 1165 1169 1178 1181 1185 1198 1199 1200 1204 1207 1209 1210 1218 1225 1234 1240 1245 1250 1251 1254 1262 1264 1265 1266 1278 1284 1285 1287 1292 1299 1300 1306 1312 1317 1320 1321 1322 1333 1336 1338 1340 1344 1365 1372 1375 1385 1386 1389 1396 1397 1405 1407 1416 1419 1426 1432 1451 1455 1460 1462 1468 1469 1477 1479 1481 1486 1490 1494 1495 1499 1501 1502 1503 1509 1530 1538 1539 1540 1542 1543 1544 1555 1559 1562 1571 1597 1598 1599 1610 1615 1623 1628 1637 1644 1647 1649 1653 1656 1658 1661 1673 1675 1680 1681 1682 1695 1696 1705 1710 1715 1716 1718 1726 1729 1732 1734 1747 1753 1755 1763 1767 1771 1780 1785 1796 1799 1806 1807 1810 1811 1812 1820 1824 1826 1833 1835 1836 1845 1847 1851 1854 1855 1859 1866 1873 1879 1880 1882 1886 1896 1897 1901 1912 1914 1920 1929 1944 1948 1950 1954 1956 1959 1966 1967 1986 1987 1990 2002 2003 2004 2011 2017 2018 2022 2039 2041 2045 2050 2063 2067 2069 2082 2087 2090 2095 2102 2106 2109 2116 2118 2122 2123 2127 2141 2149 2151 2152 2163 2164 2166 2168 2173 2180 2182 2187 2191 2192 2193 2202 2217 2218 2225 2227 2234 2236 2237 2244 2250 2252 2257 2260 2261 2264 2266 2268 2271 2272 2278 2279 2286 2288 2289 2294 2296 2300 2301 2308 2310 2312 2316 2330 2357 2369 2381 2387 2404 2407 2408 2415 2416 2417 2423 2424 2432 2434 2443 2451 2455 2467 2473 2474 2475 2477 2487 2490 2497 2500 2501 2502 2508 2512 2528 2529 2531 2534 2535 2548 2549 2556 2564 2572 2580 2587 2588 2595 2599 2600 2602 2605 2610 2629 2642 2644 2651 2661 2672 2684 2695 2696 2710 2713 2721 2725 2729 2731 2742 2747 2754 2764 2777 2778 2781 2784 2785 2789 2790 2794 2795 2796 2801 2802 2803 2804 2827 2828 2829 2830 2842 2846 2854 2862 2863 2864 2872 2878 2880 2882 2883 2884 2886 2888 2895 2907 2937 2941 2946 2954 2965 2971 2977 2980 2990 2995 
[79212s][BenchMark]第2次测试算例MDG-c_17_n3000_m600
[79225s][INFO]加载文件../Deploy/Instances/MDG-c_17_n3000_m600.txt
[79225s][INFO]矩阵节点数目为:3000  要选的节点数目为:600
[79225s][INFO]随机种子为：1583635421
[82451s][PINCOL_PT]
总迭代步数：911
[82451s][INFO]600
[82451s][INFO]检查的目标函数值为：10002
[82451s][INFO]目标函数值如下：10002
[82451s][INFO]选出的节点如下： 
[82451s][INFO]6 11 14 17 24 26 30 35 44 50 57 61 63 64 68 81 93 97 100 104 109 112 113 119 137 143 148 152 159 162 171 174 177 179 180 184 186 189 200 202 211 213 218 229 240 242 257 270 272 287 293 294 297 309 312 315 320 322 323 342 347 349 357 360 361 369 371 373 382 388 391 393 394 400 408 413 415 417 421 422 427 428 439 443 448 449 450 457 466 468 471 475 479 482 486 487 496 510 522 523 531 537 552 555 564 566 572 582 597 602 604 614 634 639 644 656 657 658 664 667 670 672 677 678 681 687 690 698 699 707 713 716 717 724 725 730 738 746 751 755 757 760 771 773 776 779 782 788 797 802 808 811 813 814 817 820 823 824 830 836 838 841 850 855 856 860 862 867 868 871 873 879 880 884 887 893 901 906 908 912 913 921 922 937 940 943 945 949 950 961 963 965 968 981 983 985 986 994 998 1003 1023 1026 1031 1034 1041 1045 1046 1049 1056 1069 1076 1078 1083 1090 1096 1112 1123 1127 1130 1135 1140 1143 1148 1151 1155 1157 1159 1165 1166 1168 1172 1175 1176 1179 1183 1190 1193 1201 1202 1204 1213 1215 1216 1235 1241 1246 1249 1254 1260 1262 1277 1280 1290 1293 1300 1304 1307 1309 1323 1328 1331 1333 1337 1340 1346 1349 1351 1359 1364 1374 1376 1377 1379 1388 1394 1403 1408 1419 1425 1429 1431 1436 1444 1447 1449 1450 1452 1459 1465 1469 1472 1482 1484 1490 1503 1508 1509 1510 1514 1515 1516 1518 1519 1526 1529 1532 1540 1545 1554 1556 1566 1572 1576 1580 1587 1588 1589 1598 1610 1633 1636 1644 1655 1668 1670 1678 1687 1689 1691 1693 1695 1704 1714 1724 1725 1734 1737 1755 1760 1764 1769 1770 1773 1777 1787 1790 1798 1800 1816 1822 1826 1829 1835 1841 1852 1866 1868 1873 1878 1880 1883 1892 1894 1898 1900 1902 1911 1917 1925 1927 1930 1939 1940 1942 1944 1945 1960 1961 1967 1978 1980 1993 1996 2001 2005 2006 2008 2012 2015 2019 2021 2032 2033 2036 2038 2050 2051 2063 2067 2069 2075 2077 2081 2084 2098 2100 2102 2104 2105 2107 2108 2115 2117 2124 2129 2130 2134 2135 2144 2146 2158 2168 2171 2173 2178 2186 2188 2191 2192 2200 2201 2217 2222 2224 2230 2231 2245 2257 2259 2277 2280 2282 2284 2286 2296 2302 2305 2307 2311 2312 2316 2319 2333 2334 2337 2338 2339 2341 2350 2357 2363 2369 2370 2372 2374 2376 2392 2393 2394 2398 2399 2400 2408 2425 2426 2432 2433 2439 2442 2452 2457 2468 2474 2475 2477 2478 2481 2484 2487 2489 2496 2499 2500 2501 2503 2504 2508 2526 2537 2538 2539 2542 2545 2546 2548 2549 2562 2574 2583 2586 2596 2598 2600 2602 2604 2609 2610 2612 2619 2620 2621 2630 2633 2643 2648 2650 2652 2660 2670 2674 2678 2683 2696 2700 2706 2707 2708 2725 2728 2730 2736 2737 2740 2743 2750 2754 2763 2765 2769 2770 2773 2774 2777 2778 2783 2785 2791 2796 2799 2801 2804 2807 2808 2811 2816 2820 2823 2827 2833 2834 2842 2847 2850 2856 2872 2875 2876 2880 2881 2906 2909 2924 2928 2932 2936 2937 2939 2942 2943 2944 2945 2946 2947 2948 2950 2957 2965 2974 2976 2978 
[82452s][BenchMark]第3次测试算例MDG-c_17_n3000_m600
[82465s][INFO]加载文件../Deploy/Instances/MDG-c_17_n3000_m600.txt
[82465s][INFO]矩阵节点数目为:3000  要选的节点数目为:600
[82465s][INFO]随机种子为：1583638661
[85586s][PINCOL_PT]
总迭代步数：896
[85586s][INFO]600
[85586s][INFO]检查的目标函数值为：9848
[85586s][INFO]目标函数值如下：9848
[85586s][INFO]选出的节点如下： 
[85586s][INFO]13 20 27 31 34 37 42 48 54 87 90 96 102 110 111 122 123 126 128 132 133 135 136 140 141 145 153 154 155 156 161 163 170 179 182 192 198 215 218 219 223 225 226 250 254 259 262 275 277 280 281 283 284 285 286 288 289 290 302 305 308 312 321 323 332 334 338 347 353 355 357 362 365 366 377 379 380 381 395 399 408 420 422 424 426 427 429 433 447 448 452 455 466 469 480 481 482 484 499 502 504 507 508 519 523 531 532 543 546 554 560 562 566 572 574 576 580 585 592 595 596 599 601 608 609 619 635 644 647 648 650 653 658 663 664 672 688 696 700 703 707 710 715 724 730 741 742 744 746 748 762 769 770 773 778 782 783 784 789 798 804 809 811 815 822 835 843 851 856 859 863 867 871 886 888 891 919 927 931 940 947 948 952 957 961 970 985 990 993 996 1001 1003 1004 1019 1023 1025 1026 1041 1050 1052 1053 1056 1065 1067 1071 1075 1077 1079 1083 1086 1088 1097 1109 1116 1118 1122 1129 1139 1140 1153 1160 1194 1200 1209 1210 1220 1225 1226 1228 1239 1241 1251 1253 1254 1261 1268 1271 1274 1275 1280 1285 1286 1298 1299 1301 1303 1307 1318 1322 1323 1335 1337 1348 1351 1352 1354 1367 1368 1369 1373 1379 1380 1381 1385 1386 1388 1389 1403 1405 1413 1427 1433 1435 1441 1448 1452 1459 1462 1469 1476 1478 1482 1500 1504 1505 1507 1508 1510 1513 1515 1522 1531 1537 1543 1544 1578 1586 1594 1598 1603 1608 1623 1624 1625 1628 1631 1634 1636 1646 1671 1672 1673 1676 1677 1678 1682 1684 1694 1699 1701 1707 1710 1719 1721 1734 1743 1744 1749 1756 1761 1765 1776 1777 1785 1787 1809 1810 1811 1812 1815 1822 1823 1824 1826 1829 1836 1847 1851 1860 1862 1866 1867 1871 1874 1887 1890 1893 1894 1897 1904 1907 1914 1916 1922 1925 1932 1936 1939 1940 1943 1946 1948 1957 1959 1961 1965 1978 1979 1982 1987 1990 1994 1995 2001 2005 2012 2014 2021 2023 2024 2026 2037 2039 2040 2042 2043 2047 2048 2050 2053 2056 2057 2060 2061 2065 2070 2073 2075 2079 2082 2085 2089 2092 2095 2100 2107 2116 2124 2125 2139 2143 2149 2153 2165 2169 2170 2173 2174 2177 2179 2190 2193 2196 2199 2202 2203 2210 2214 2216 2217 2225 2235 2239 2241 2245 2248 2252 2253 2255 2264 2269 2276 2283 2284 2290 2292 2294 2296 2301 2302 2305 2309 2310 2320 2322 2325 2328 2333 2334 2339 2342 2348 2349 2354 2358 2359 2360 2369 2370 2371 2374 2382 2385 2389 2397 2407 2408 2415 2420 2425 2437 2440 2441 2447 2449 2450 2463 2464 2466 2467 2471 2472 2475 2479 2480 2486 2498 2499 2506 2509 2516 2518 2520 2531 2534 2539 2541 2556 2557 2560 2570 2573 2593 2597 2615 2634 2653 2654 2662 2672 2674 2676 2678 2680 2681 2683 2687 2688 2695 2698 2705 2711 2715 2730 2760 2764 2768 2777 2783 2796 2799 2804 2813 2817 2824 2826 2827 2828 2831 2833 2834 2846 2847 2848 2856 2865 2866 2875 2877 2880 2881 2882 2884 2889 2892 2899 2916 2921 2923 2925 2931 2939 2946 2947 2948 2950 2952 2954 2957 2959 2966 2968 2974 2975 2976 2978 2982 2988 2989 2999 
[85586s][BenchMark]第4次测试算例MDG-c_17_n3000_m600
[85599s][INFO]加载文件../Deploy/Instances/MDG-c_17_n3000_m600.txt
[85599s][INFO]矩阵节点数目为:3000  要选的节点数目为:600
[85599s][INFO]随机种子为：1583641795
[88754s][PINCOL_PT]
总迭代步数：900
[88755s][INFO]600
[88755s][INFO]检查的目标函数值为：9552
[88755s][INFO]目标函数值如下：9552
[88755s][INFO]选出的节点如下： 
[88755s][INFO]0 3 5 6 8 24 46 48 49 56 57 64 67 82 84 90 101 104 110 126 129 130 144 146 147 150 157 163 181 182 183 190 191 196 198 207 217 222 224 226 232 233 234 242 243 244 246 252 256 257 259 262 267 278 280 284 285 306 307 309 311 315 323 325 331 332 333 335 346 348 349 353 354 356 359 362 363 366 369 370 373 376 377 378 381 383 386 391 393 394 395 398 399 403 407 422 434 435 456 458 464 465 470 471 485 493 494 499 502 514 517 519 523 525 527 537 540 544 545 551 554 562 567 580 587 598 599 605 607 608 610 612 613 614 619 620 627 628 629 630 633 634 640 652 656 659 676 677 684 686 687 688 700 706 707 716 719 722 726 728 731 733 739 753 755 764 766 771 773 787 789 792 795 797 799 803 804 814 815 821 822 824 826 827 831 838 844 849 852 855 858 863 865 878 879 883 892 893 906 908 909 910 915 919 927 931 932 950 953 962 963 972 974 976 979 980 990 992 1013 1036 1045 1047 1052 1058 1060 1063 1065 1068 1079 1081 1088 1089 1098 1116 1119 1123 1124 1126 1130 1135 1142 1145 1148 1152 1156 1157 1161 1167 1169 1177 1180 1185 1189 1191 1193 1195 1196 1200 1203 1204 1210 1213 1227 1228 1248 1250 1253 1260 1267 1268 1277 1283 1284 1286 1287 1292 1294 1299 1301 1318 1323 1329 1331 1337 1338 1343 1345 1362 1368 1369 1376 1396 1399 1413 1416 1425 1430 1446 1451 1457 1465 1467 1468 1470 1474 1479 1486 1494 1499 1504 1508 1509 1515 1516 1520 1521 1522 1524 1526 1529 1532 1536 1539 1543 1552 1558 1559 1570 1573 1575 1582 1584 1593 1613 1616 1617 1621 1623 1626 1629 1631 1633 1634 1637 1645 1646 1647 1652 1655 1662 1663 1665 1668 1670 1674 1677 1681 1685 1687 1700 1701 1707 1721 1732 1733 1741 1750 1757 1783 1793 1794 1795 1798 1799 1802 1810 1819 1820 1821 1827 1831 1833 1834 1835 1841 1845 1856 1862 1873 1890 1893 1906 1914 1922 1929 1934 1946 1950 1956 1962 1964 1966 1972 1976 1977 1978 1984 1986 2000 2015 2020 2022 2028 2037 2038 2041 2047 2052 2053 2054 2059 2060 2063 2064 2066 2071 2075 2092 2093 2107 2113 2117 2124 2127 2129 2135 2142 2147 2157 2163 2168 2180 2181 2184 2185 2191 2193 2196 2198 2202 2207 2224 2227 2228 2239 2244 2249 2254 2257 2263 2264 2268 2273 2274 2276 2278 2281 2282 2283 2289 2299 2305 2312 2324 2328 2331 2342 2349 2351 2353 2368 2369 2375 2379 2391 2406 2414 2418 2421 2424 2430 2437 2440 2456 2461 2469 2475 2476 2483 2501 2509 2511 2512 2516 2531 2535 2550 2554 2564 2571 2572 2575 2578 2592 2593 2595 2598 2599 2607 2610 2613 2614 2625 2627 2634 2636 2640 2647 2649 2661 2662 2669 2695 2697 2699 2701 2702 2704 2715 2721 2722 2725 2728 2732 2734 2740 2742 2746 2748 2750 2760 2762 2764 2768 2771 2777 2782 2786 2787 2789 2790 2798 2801 2802 2811 2815 2816 2822 2830 2842 2852 2860 2866 2870 2872 2877 2893 2906 2909 2910 2911 2914 2923 2924 2933 2944 2947 2951 2957 2958 2962 2964 2973 2975 2981 2983 2985 2991 2993 2998 
[88755s][BenchMark]第5次测试算例MDG-c_17_n3000_m600
[88768s][INFO]加载文件../Deploy/Instances/MDG-c_17_n3000_m600.txt
[88768s][INFO]矩阵节点数目为:3000  要选的节点数目为:600
[88768s][INFO]随机种子为：1583644963
[91835s][PINCOL_PT]
总迭代步数：943
[91835s][INFO]600
[91835s][INFO]检查的目标函数值为：9754
[91835s][INFO]目标函数值如下：9754
[91835s][INFO]选出的节点如下： 
[91835s][INFO]10 12 13 19 24 34 37 41 44 48 51 57 60 77 82 87 88 91 92 94 109 119 120 127 133 139 145 150 152 158 164 171 172 177 178 179 196 213 228 241 243 244 252 261 263 266 270 279 280 283 288 289 306 312 317 330 335 339 340 341 342 364 368 381 382 386 398 407 413 418 425 436 438 439 445 446 447 449 453 461 475 483 485 488 489 490 491 505 506 515 528 531 533 535 544 546 550 561 563 572 579 585 590 593 598 602 614 622 632 637 640 647 652 656 661 666 670 676 677 686 688 689 692 699 704 717 718 725 727 736 739 742 746 748 749 760 767 772 774 776 777 783 786 791 792 794 809 812 815 821 827 831 834 835 837 842 850 851 859 873 883 884 885 886 888 892 893 903 904 906 908 912 921 924 932 933 935 940 943 944 945 947 951 962 963 970 973 976 979 981 982 984 986 991 994 997 1000 1005 1015 1019 1023 1027 1035 1039 1041 1057 1058 1060 1063 1068 1074 1082 1085 1087 1094 1095 1099 1101 1106 1108 1109 1113 1115 1117 1122 1130 1135 1136 1137 1149 1153 1157 1159 1161 1170 1174 1180 1181 1189 1190 1193 1197 1201 1202 1203 1214 1215 1224 1227 1236 1244 1253 1265 1269 1274 1281 1284 1286 1290 1292 1293 1306 1309 1318 1321 1324 1331 1333 1336 1349 1357 1361 1362 1374 1375 1377 1380 1381 1382 1387 1389 1396 1403 1405 1407 1410 1416 1417 1418 1419 1426 1435 1436 1443 1445 1450 1454 1455 1457 1459 1461 1462 1463 1465 1468 1473 1478 1479 1480 1488 1498 1503 1508 1514 1524 1525 1530 1532 1533 1534 1536 1546 1547 1565 1567 1569 1572 1575 1586 1587 1588 1589 1592 1594 1595 1597 1598 1600 1611 1614 1619 1626 1634 1637 1639 1648 1650 1656 1663 1667 1669 1679 1680 1681 1684 1685 1688 1690 1699 1701 1706 1708 1710 1713 1714 1722 1725 1728 1731 1732 1739 1742 1743 1744 1758 1760 1763 1769 1771 1774 1778 1785 1791 1797 1798 1808 1821 1826 1828 1830 1834 1835 1838 1859 1861 1863 1867 1869 1872 1875 1881 1882 1886 1887 1890 1898 1900 1910 1913 1925 1937 1947 1952 1954 1958 1966 1967 1976 1979 1980 1989 1994 1998 2001 2030 2050 2054 2057 2058 2066 2069 2071 2072 2081 2082 2094 2099 2108 2112 2121 2126 2138 2147 2153 2157 2160 2164 2173 2175 2177 2183 2187 2196 2205 2209 2214 2215 2228 2241 2249 2252 2261 2265 2268 2270 2271 2272 2274 2281 2284 2293 2294 2302 2311 2314 2315 2325 2332 2336 2338 2339 2343 2344 2346 2348 2351 2362 2368 2373 2378 2380 2382 2385 2389 2393 2395 2397 2405 2407 2420 2422 2423 2424 2440 2441 2445 2446 2447 2449 2453 2456 2458 2463 2481 2486 2491 2499 2502 2511 2513 2515 2518 2526 2537 2540 2542 2551 2555 2561 2563 2575 2578 2580 2581 2592 2596 2598 2609 2612 2617 2621 2631 2635 2636 2637 2640 2649 2653 2661 2676 2678 2687 2693 2694 2700 2749 2753 2757 2762 2776 2782 2784 2788 2790 2795 2799 2803 2804 2812 2813 2817 2818 2820 2821 2839 2840 2848 2866 2867 2868 2887 2898 2900 2916 2918 2927 2928 2932 2944 2945 2952 2953 2955 2958 2970 2978 2985 2993 2995 2999 
[91835s][BenchMark]第1次测试算例MDG-c_20_n3000_m600
[91848s][INFO]加载文件../Deploy/Instances/MDG-c_20_n3000_m600.txt
[91848s][INFO]矩阵节点数目为:3000  要选的节点数目为:600
[91848s][INFO]随机种子为：1583648044
[94897s][PINCOL_PT]
总迭代步数：798
[94897s][INFO]600
[94897s][INFO]检查的目标函数值为：9606
[94897s][INFO]目标函数值如下：9606
[94897s][INFO]选出的节点如下： 
[94897s][INFO]2 3 5 14 27 30 32 42 44 45 46 48 50 54 58 59 62 70 76 77 84 87 90 95 101 102 103 108 109 110 116 119 121 127 133 134 136 141 143 151 161 168 189 192 197 204 206 213 219 230 236 250 251 257 260 264 273 274 280 290 294 304 305 308 309 319 325 329 330 332 338 344 346 349 351 354 357 364 366 388 390 393 401 406 418 421 424 428 430 440 443 450 451 453 454 457 461 462 469 470 492 500 501 505 506 509 513 519 526 535 536 537 542 543 549 554 559 567 568 569 583 584 589 590 593 598 601 604 614 616 627 629 631 635 645 647 650 664 666 671 675 683 691 694 696 704 705 707 712 714 718 721 726 728 731 743 748 749 752 763 771 775 779 784 791 803 820 821 824 830 838 842 843 845 851 853 854 856 859 861 876 886 887 890 891 898 900 905 908 909 912 914 919 920 924 927 928 931 932 935 938 939 946 954 971 975 978 979 984 985 993 995 1002 1003 1004 1008 1010 1028 1034 1035 1043 1046 1047 1061 1066 1069 1070 1074 1078 1079 1081 1118 1121 1122 1127 1134 1136 1137 1139 1142 1147 1151 1153 1162 1164 1165 1172 1173 1179 1184 1188 1209 1210 1212 1216 1218 1230 1231 1245 1255 1267 1278 1284 1289 1290 1296 1302 1309 1311 1314 1320 1327 1328 1329 1331 1338 1344 1347 1349 1351 1352 1357 1362 1365 1373 1376 1378 1383 1388 1392 1398 1406 1409 1411 1421 1429 1432 1434 1437 1443 1446 1454 1455 1459 1461 1462 1468 1483 1484 1487 1494 1507 1514 1523 1524 1527 1529 1534 1536 1538 1540 1543 1545 1552 1553 1555 1571 1572 1574 1575 1577 1584 1589 1593 1597 1600 1621 1624 1632 1636 1641 1643 1646 1665 1669 1676 1677 1680 1684 1693 1699 1700 1708 1710 1711 1712 1713 1723 1727 1728 1730 1733 1737 1741 1744 1746 1749 1753 1758 1760 1763 1776 1779 1781 1786 1788 1790 1792 1795 1803 1805 1813 1814 1819 1821 1824 1825 1831 1832 1835 1836 1838 1849 1853 1857 1860 1861 1869 1872 1877 1886 1890 1892 1894 1898 1899 1904 1908 1914 1925 1928 1929 1952 1957 1958 1962 1983 1985 1988 1991 1996 2003 2016 2020 2024 2026 2028 2031 2049 2053 2055 2057 2067 2070 2071 2072 2078 2088 2095 2103 2111 2119 2128 2141 2154 2182 2190 2194 2197 2209 2229 2234 2235 2236 2248 2249 2254 2264 2267 2272 2274 2275 2279 2283 2290 2300 2301 2304 2308 2325 2329 2330 2336 2339 2342 2353 2355 2356 2366 2385 2389 2404 2406 2407 2416 2419 2426 2432 2439 2455 2458 2463 2464 2468 2499 2501 2502 2503 2507 2516 2521 2523 2524 2525 2526 2528 2532 2537 2547 2548 2551 2556 2559 2571 2572 2575 2580 2582 2585 2587 2588 2590 2593 2602 2605 2609 2610 2612 2613 2621 2625 2626 2630 2631 2641 2642 2647 2659 2676 2678 2687 2694 2697 2699 2700 2703 2714 2721 2724 2727 2734 2741 2743 2747 2761 2771 2778 2780 2781 2790 2799 2801 2809 2812 2815 2817 2823 2831 2833 2839 2840 2843 2852 2860 2873 2876 2881 2885 2887 2889 2890 2897 2902 2918 2922 2925 2928 2929 2931 2939 2941 2945 2951 2954 2956 2964 2966 2979 2993 2994 
[94898s][BenchMark]第2次测试算例MDG-c_20_n3000_m600
[94910s][INFO]加载文件../Deploy/Instances/MDG-c_20_n3000_m600.txt
[94910s][INFO]矩阵节点数目为:3000  要选的节点数目为:600
[94910s][INFO]随机种子为：1583651106
[98152s][PINCOL_PT]
总迭代步数：886
[98152s][INFO]600
[98152s][INFO]检查的目标函数值为：10160
[98152s][INFO]目标函数值如下：10160
[98152s][INFO]选出的节点如下： 
[98152s][INFO]0 2 5 12 23 35 40 41 42 43 45 48 52 61 62 64 66 71 72 75 79 81 82 86 88 90 91 100 106 111 118 137 158 165 168 191 193 201 210 213 215 216 217 226 233 234 242 243 244 245 253 255 260 263 264 265 266 268 272 276 278 279 280 291 293 294 299 304 315 326 340 347 349 353 355 356 363 373 374 375 380 385 399 401 405 410 418 419 421 423 437 439 443 444 445 451 456 460 465 471 476 478 484 485 492 498 509 516 532 534 545 551 553 554 557 560 566 567 573 582 586 589 598 599 622 625 628 639 640 642 647 652 660 670 676 688 694 697 706 718 725 733 741 750 751 765 769 773 777 779 788 798 802 803 806 809 810 816 819 828 829 830 840 841 844 850 854 868 869 874 877 884 888 889 892 893 894 895 899 911 912 913 919 923 932 940 942 949 950 954 955 959 966 968 974 978 980 984 985 992 997 1012 1013 1019 1021 1029 1034 1035 1043 1048 1051 1053 1054 1061 1064 1068 1071 1073 1075 1079 1096 1098 1106 1108 1109 1112 1128 1132 1137 1142 1144 1146 1148 1173 1188 1195 1213 1219 1223 1229 1242 1259 1267 1269 1271 1272 1274 1280 1282 1283 1286 1287 1288 1289 1290 1293 1294 1298 1301 1306 1308 1309 1315 1317 1327 1330 1332 1333 1334 1341 1344 1348 1352 1359 1368 1385 1401 1406 1411 1412 1414 1417 1423 1425 1430 1434 1435 1436 1440 1441 1452 1463 1467 1469 1481 1490 1499 1500 1501 1503 1510 1530 1531 1533 1538 1539 1541 1545 1549 1550 1551 1554 1557 1558 1580 1581 1584 1596 1602 1605 1611 1624 1625 1627 1635 1640 1651 1657 1673 1679 1692 1698 1708 1712 1714 1718 1720 1722 1723 1725 1727 1734 1738 1748 1765 1766 1773 1777 1779 1784 1785 1789 1799 1803 1805 1808 1810 1813 1824 1825 1828 1836 1840 1847 1855 1862 1875 1876 1877 1892 1901 1905 1910 1927 1928 1930 1933 1946 1955 1959 1961 1963 1970 1972 1973 1987 1998 2001 2003 2009 2035 2043 2044 2054 2056 2059 2064 2066 2068 2079 2087 2089 2094 2097 2102 2109 2110 2113 2114 2120 2128 2135 2138 2139 2152 2153 2159 2160 2163 2168 2171 2183 2189 2190 2191 2192 2194 2200 2201 2207 2210 2212 2223 2228 2232 2236 2242 2244 2253 2255 2256 2258 2259 2261 2263 2268 2274 2276 2277 2280 2283 2301 2309 2311 2314 2316 2318 2320 2329 2333 2334 2335 2336 2338 2339 2340 2342 2350 2356 2362 2370 2375 2380 2382 2383 2386 2387 2395 2401 2403 2407 2408 2415 2428 2432 2443 2453 2454 2457 2464 2471 2474 2486 2492 2494 2508 2510 2511 2513 2519 2529 2531 2535 2536 2537 2543 2546 2573 2583 2589 2591 2592 2595 2610 2611 2612 2613 2615 2624 2626 2631 2632 2643 2644 2645 2647 2652 2655 2657 2661 2662 2666 2670 2671 2675 2679 2694 2697 2702 2711 2715 2717 2718 2722 2723 2725 2729 2735 2737 2743 2748 2757 2768 2772 2776 2780 2781 2786 2787 2789 2798 2810 2812 2815 2818 2819 2822 2832 2834 2839 2842 2851 2852 2854 2858 2862 2866 2875 2878 2880 2882 2887 2891 2896 2908 2909 2915 2921 2925 2930 2932 2941 2954 2956 2963 2965 2980 2983 2991 2992 
[98153s][BenchMark]第3次测试算例MDG-c_20_n3000_m600
[98165s][INFO]加载文件../Deploy/Instances/MDG-c_20_n3000_m600.txt
[98165s][INFO]矩阵节点数目为:3000  要选的节点数目为:600
[98165s][INFO]随机种子为：1583654361
[101209s][PINCOL_PT]
总迭代步数：893
[101209s][INFO]600
[101209s][INFO]检查的目标函数值为：9932
[101209s][INFO]目标函数值如下：9932
[101209s][INFO]选出的节点如下： 
[101209s][INFO]12 31 36 39 40 41 42 46 47 52 66 67 69 82 96 97 106 116 119 121 124 127 132 134 136 143 144 145 147 148 149 154 156 176 178 181 186 188 198 200 202 203 214 224 227 228 229 231 232 237 245 247 249 256 269 294 308 311 312 315 318 323 324 329 334 336 339 349 358 363 365 366 372 384 394 395 397 398 400 402 403 411 418 421 422 425 429 432 434 440 449 450 453 454 458 464 475 479 485 495 506 511 513 515 521 531 536 544 559 561 572 574 602 608 609 612 614 622 626 630 633 634 636 637 650 654 655 662 667 671 675 677 682 693 696 698 699 738 740 741 744 749 750 762 765 769 777 778 785 787 792 803 805 825 829 831 838 840 843 845 847 849 851 865 867 873 875 882 893 899 914 916 921 936 940 942 943 947 948 960 962 966 974 975 976 978 982 988 989 991 1006 1009 1010 1012 1019 1023 1032 1042 1046 1048 1050 1052 1054 1066 1069 1084 1087 1092 1093 1098 1099 1111 1112 1113 1124 1126 1127 1128 1129 1130 1132 1153 1159 1162 1163 1165 1169 1179 1181 1188 1214 1218 1220 1226 1228 1232 1245 1246 1254 1263 1273 1277 1283 1288 1290 1296 1312 1314 1316 1318 1331 1332 1342 1343 1344 1347 1351 1352 1355 1356 1361 1367 1368 1370 1385 1394 1395 1399 1401 1403 1407 1408 1412 1417 1418 1430 1433 1438 1444 1451 1469 1482 1484 1502 1503 1510 1511 1514 1518 1520 1521 1523 1525 1527 1528 1536 1541 1545 1548 1552 1554 1556 1558 1569 1573 1592 1593 1596 1597 1599 1601 1605 1610 1616 1624 1625 1632 1645 1650 1652 1659 1664 1667 1668 1678 1680 1681 1692 1696 1702 1703 1710 1711 1712 1718 1720 1728 1729 1731 1737 1749 1752 1755 1766 1767 1774 1780 1782 1788 1795 1797 1816 1822 1825 1846 1853 1861 1868 1883 1887 1888 1890 1891 1895 1896 1899 1921 1923 1924 1941 1942 1945 1948 1950 1955 1960 1968 1972 1981 1983 1986 1995 1996 1998 2000 2003 2007 2017 2019 2021 2025 2026 2027 2033 2035 2038 2039 2046 2049 2051 2052 2053 2058 2059 2065 2069 2072 2073 2074 2081 2082 2083 2089 2094 2096 2101 2116 2126 2132 2134 2135 2147 2153 2161 2163 2164 2175 2176 2181 2188 2194 2195 2198 2205 2212 2214 2216 2221 2235 2237 2238 2240 2241 2257 2258 2259 2261 2262 2266 2268 2269 2279 2282 2283 2290 2291 2293 2299 2303 2309 2315 2334 2336 2337 2338 2354 2355 2359 2362 2367 2380 2385 2386 2387 2395 2396 2399 2403 2414 2415 2416 2417 2421 2422 2427 2429 2438 2441 2444 2446 2447 2450 2452 2467 2468 2474 2478 2479 2482 2483 2484 2488 2489 2497 2503 2505 2519 2521 2524 2530 2532 2538 2555 2570 2578 2582 2589 2591 2598 2601 2611 2624 2635 2636 2644 2650 2653 2664 2665 2668 2670 2677 2687 2690 2694 2703 2709 2712 2714 2716 2717 2721 2722 2726 2727 2731 2732 2735 2741 2748 2749 2751 2754 2755 2756 2768 2770 2777 2782 2790 2793 2796 2799 2800 2801 2805 2807 2808 2817 2839 2841 2843 2844 2864 2871 2872 2890 2895 2899 2903 2906 2909 2918 2919 2920 2934 2936 2939 2944 2955 2956 2957 2960 2965 2968 2971 2978 2985 2994 2995 
[101209s][BenchMark]第4次测试算例MDG-c_20_n3000_m600
[101222s][INFO]加载文件../Deploy/Instances/MDG-c_20_n3000_m600.txt
[101222s][INFO]矩阵节点数目为:3000  要选的节点数目为:600
[101222s][INFO]随机种子为：1583657418
[104268s][PINCOL_PT]
总迭代步数：851
[104268s][INFO]600
[104268s][INFO]检查的目标函数值为：9590
[104268s][INFO]目标函数值如下：9590
[104268s][INFO]选出的节点如下： 
[104268s][INFO]2 6 11 12 30 33 37 42 43 52 55 67 72 75 76 78 83 87 99 100 101 102 106 109 110 114 118 119 122 123 128 130 147 148 150 151 152 154 157 165 180 181 184 190 204 205 213 217 235 236 239 247 251 254 256 259 270 281 292 295 302 305 316 331 337 339 340 341 347 356 362 373 384 396 398 407 413 417 418 428 429 434 441 442 443 447 469 475 476 477 478 479 481 485 491 492 499 500 501 508 512 521 531 537 539 544 549 555 556 564 567 569 572 583 589 592 603 604 609 611 612 615 626 630 632 639 641 646 649 654 658 664 666 667 674 684 685 686 690 693 694 698 699 704 708 710 712 713 715 717 719 729 743 745 750 760 764 765 775 781 782 788 803 807 810 814 816 823 831 841 847 848 850 851 855 861 863 866 867 869 871 873 874 883 886 890 898 903 906 916 921 927 928 931 932 934 942 949 960 964 968 984 992 1012 1016 1028 1033 1042 1057 1061 1064 1068 1069 1074 1075 1077 1084 1097 1102 1109 1110 1112 1113 1115 1119 1124 1128 1132 1142 1153 1155 1160 1164 1166 1171 1174 1181 1183 1189 1201 1205 1212 1214 1218 1224 1225 1228 1229 1237 1239 1240 1243 1244 1245 1249 1250 1263 1280 1293 1299 1302 1308 1311 1313 1317 1324 1325 1326 1327 1329 1332 1344 1349 1366 1367 1378 1383 1396 1400 1402 1416 1417 1418 1419 1425 1431 1446 1458 1459 1464 1466 1467 1474 1490 1502 1510 1514 1530 1534 1538 1554 1557 1563 1564 1565 1569 1573 1583 1592 1596 1598 1599 1602 1606 1607 1618 1620 1621 1624 1637 1640 1649 1650 1657 1672 1673 1677 1680 1682 1684 1691 1697 1700 1701 1710 1711 1714 1716 1719 1720 1729 1750 1754 1764 1773 1777 1778 1781 1783 1784 1786 1797 1803 1813 1814 1819 1822 1827 1828 1838 1839 1842 1847 1848 1855 1859 1862 1878 1881 1883 1885 1898 1901 1904 1908 1909 1912 1913 1918 1919 1926 1933 1934 1943 1953 1959 1961 1962 1963 1966 1967 1968 1978 1979 1980 1983 1984 1987 1994 1997 1999 2022 2024 2033 2041 2042 2049 2053 2059 2061 2070 2073 2075 2079 2084 2087 2088 2095 2099 2102 2105 2111 2115 2119 2120 2122 2123 2132 2144 2150 2151 2152 2153 2173 2178 2180 2184 2186 2194 2195 2198 2199 2203 2205 2209 2212 2224 2225 2229 2233 2245 2252 2253 2256 2263 2280 2286 2287 2293 2295 2299 2311 2316 2318 2319 2322 2323 2324 2331 2332 2342 2343 2344 2345 2354 2355 2361 2363 2366 2378 2382 2383 2386 2401 2405 2409 2418 2423 2427 2429 2431 2437 2446 2447 2448 2451 2456 2459 2461 2467 2472 2474 2475 2481 2483 2484 2495 2499 2502 2508 2513 2527 2528 2538 2540 2544 2545 2565 2571 2573 2576 2578 2602 2609 2611 2614 2619 2621 2640 2652 2654 2663 2665 2668 2672 2677 2685 2686 2689 2693 2714 2715 2716 2719 2722 2723 2726 2729 2731 2737 2743 2751 2752 2759 2760 2761 2768 2772 2787 2792 2794 2798 2803 2805 2816 2825 2831 2836 2839 2846 2852 2862 2870 2879 2885 2890 2893 2911 2912 2913 2916 2920 2927 2936 2939 2942 2943 2948 2949 2953 2957 2960 2972 2976 2980 2981 2987 2989 2991 2999 
[104268s][BenchMark]第5次测试算例MDG-c_20_n3000_m600
[104281s][INFO]加载文件../Deploy/Instances/MDG-c_20_n3000_m600.txt
[104281s][INFO]矩阵节点数目为:3000  要选的节点数目为:600
[104281s][INFO]随机种子为：1583660477
[107635s][PINCOL_PT]
总迭代步数：921
[107635s][INFO]600
[107635s][INFO]检查的目标函数值为：9955
[107635s][INFO]目标函数值如下：9955
[107635s][INFO]选出的节点如下： 
[107635s][INFO]1 7 13 19 35 37 41 42 49 51 57 62 63 73 74 78 81 84 86 88 102 112 118 122 123 129 131 138 139 145 158 159 161 167 169 193 196 199 200 212 220 221 228 229 231 235 244 261 267 271 273 279 282 285 289 297 301 307 310 315 328 339 341 343 347 359 360 362 375 376 385 388 390 394 397 398 407 415 417 428 431 441 449 457 459 462 474 475 476 477 480 483 484 486 488 491 501 503 505 522 524 531 538 551 553 560 566 575 586 588 594 596 598 602 605 609 611 613 621 640 641 642 644 648 653 665 668 677 681 684 686 690 691 697 698 709 712 715 717 721 725 726 734 740 745 750 756 766 769 771 775 784 785 787 792 799 804 806 812 813 815 817 819 825 826 828 830 836 837 838 840 841 842 848 853 856 859 861 863 867 875 877 878 879 888 890 891 905 907 913 914 942 948 951 953 959 963 967 968 969 972 977 979 982 983 984 985 992 996 1001 1020 1026 1027 1038 1039 1042 1044 1058 1061 1065 1076 1082 1091 1092 1098 1101 1110 1113 1120 1121 1122 1132 1139 1142 1143 1144 1151 1176 1193 1194 1195 1208 1209 1213 1215 1217 1222 1224 1228 1233 1235 1238 1241 1243 1254 1261 1266 1281 1287 1294 1296 1299 1304 1308 1315 1326 1333 1338 1343 1344 1350 1358 1361 1368 1372 1373 1382 1385 1387 1388 1392 1401 1404 1405 1406 1415 1423 1427 1428 1432 1436 1439 1440 1442 1465 1471 1474 1488 1490 1492 1495 1503 1506 1514 1515 1521 1527 1528 1530 1532 1537 1538 1539 1540 1542 1544 1553 1561 1566 1573 1575 1585 1596 1597 1603 1606 1611 1612 1616 1618 1621 1622 1623 1627 1636 1637 1640 1653 1655 1656 1659 1662 1665 1673 1675 1678 1679 1687 1689 1690 1691 1692 1695 1704 1709 1711 1714 1716 1722 1724 1728 1729 1730 1732 1740 1748 1750 1759 1765 1766 1768 1770 1775 1777 1779 1787 1788 1793 1794 1798 1800 1814 1822 1828 1832 1837 1838 1839 1840 1846 1853 1856 1869 1878 1893 1894 1896 1897 1913 1914 1915 1916 1921 1922 1928 1932 1933 1955 1956 1960 1963 1972 1974 1990 1992 2007 2008 2009 2015 2032 2039 2045 2051 2054 2057 2065 2068 2085 2088 2090 2092 2101 2106 2109 2111 2112 2114 2123 2130 2132 2140 2161 2163 2169 2173 2181 2216 2221 2222 2223 2237 2239 2241 2246 2250 2254 2256 2257 2261 2263 2270 2274 2277 2283 2286 2289 2297 2302 2307 2313 2316 2320 2328 2331 2336 2339 2347 2354 2358 2369 2372 2377 2385 2388 2399 2405 2408 2413 2432 2436 2438 2439 2448 2458 2459 2465 2467 2474 2475 2478 2482 2484 2487 2489 2494 2500 2501 2505 2509 2511 2520 2524 2528 2529 2536 2540 2542 2544 2547 2550 2560 2563 2566 2570 2583 2584 2586 2594 2600 2601 2603 2608 2618 2622 2626 2627 2635 2637 2641 2642 2643 2645 2655 2658 2680 2681 2689 2690 2698 2707 2710 2727 2732 2734 2735 2739 2745 2747 2754 2759 2769 2775 2780 2786 2788 2790 2800 2823 2833 2842 2844 2848 2850 2854 2867 2872 2873 2876 2883 2894 2898 2899 2904 2905 2913 2933 2936 2938 2944 2946 2955 2963 2966 2981 2983 2985 2986 2990 2992 2999 
[107635s][BenchMark]第1次测试算例MDG-c_11_n3000_m500
[107648s][INFO]加载文件../Deploy/Instances/MDG-c_11_n3000_m500.txt
[107648s][INFO]矩阵节点数目为:3000  要选的节点数目为:500
[107648s][INFO]随机种子为：1583663844
[110676s][PINCOL_PT]
总迭代步数：1114
[110676s][INFO]500
[110676s][INFO]检查的目标函数值为：7943
[110676s][INFO]目标函数值如下：7943
[110676s][INFO]选出的节点如下： 
[110676s][INFO]11 34 40 42 57 58 60 64 69 83 85 87 102 104 124 130 151 152 169 174 180 181 186 195 206 208 216 235 238 239 257 259 267 269 271 274 276 277 282 284 285 298 311 313 316 317 331 335 336 344 350 352 353 372 379 386 394 396 398 399 408 418 421 422 429 433 441 444 450 457 460 461 463 472 476 481 484 485 492 498 503 505 514 515 516 518 522 525 530 536 541 544 547 551 557 561 596 598 599 614 617 618 626 628 629 634 636 648 649 654 657 665 675 693 707 712 713 724 732 734 735 738 740 741 745 746 762 766 768 770 783 786 787 790 802 804 808 810 817 830 835 846 850 854 859 861 870 872 873 876 887 888 889 922 933 941 944 947 949 951 954 959 963 967 973 980 982 989 990 993 1003 1008 1013 1025 1031 1032 1040 1053 1056 1065 1068 1074 1077 1079 1084 1087 1093 1100 1116 1127 1135 1143 1146 1153 1155 1158 1163 1172 1177 1181 1197 1199 1228 1236 1239 1240 1245 1252 1263 1264 1265 1268 1272 1274 1275 1282 1287 1291 1298 1300 1301 1304 1320 1323 1327 1330 1331 1337 1340 1348 1351 1360 1364 1368 1378 1385 1389 1390 1391 1396 1401 1408 1414 1417 1422 1424 1431 1432 1435 1438 1442 1447 1461 1464 1480 1482 1486 1500 1506 1511 1514 1515 1516 1520 1522 1531 1533 1535 1536 1543 1558 1570 1571 1576 1580 1583 1587 1597 1602 1606 1607 1619 1626 1631 1638 1643 1648 1649 1656 1658 1665 1668 1676 1680 1686 1693 1703 1705 1716 1718 1724 1740 1745 1753 1757 1761 1774 1777 1786 1789 1794 1800 1803 1813 1815 1833 1837 1839 1845 1849 1852 1859 1861 1871 1873 1891 1911 1919 1926 1934 1935 1937 1946 1955 1956 1958 1979 1991 2004 2005 2009 2013 2017 2020 2029 2034 2036 2043 2046 2055 2063 2069 2075 2076 2077 2080 2084 2091 2097 2099 2106 2107 2108 2112 2114 2122 2123 2131 2134 2160 2167 2174 2192 2194 2197 2212 2217 2224 2226 2228 2232 2236 2261 2269 2270 2282 2283 2285 2299 2318 2324 2326 2334 2339 2348 2349 2361 2362 2379 2380 2395 2397 2398 2409 2412 2414 2421 2428 2431 2442 2469 2473 2474 2487 2490 2495 2502 2509 2517 2521 2528 2535 2538 2539 2547 2567 2569 2571 2573 2578 2589 2606 2611 2619 2624 2628 2631 2633 2637 2645 2646 2650 2655 2661 2665 2668 2669 2682 2692 2697 2700 2703 2704 2706 2707 2725 2735 2737 2754 2757 2769 2773 2782 2787 2792 2793 2800 2804 2806 2807 2810 2811 2823 2844 2854 2856 2869 2877 2883 2884 2885 2891 2893 2898 2899 2901 2906 2909 2912 2920 2922 2933 2944 2945 2947 2951 2960 2967 2971 2976 
[110676s][BenchMark]第2次测试算例MDG-c_11_n3000_m500
[110689s][INFO]加载文件../Deploy/Instances/MDG-c_11_n3000_m500.txt
[110689s][INFO]矩阵节点数目为:3000  要选的节点数目为:500
[110689s][INFO]随机种子为：1583666885
[113702s][PINCOL_PT]
总迭代步数：1419
[113702s][INFO]500
[113702s][INFO]检查的目标函数值为：7430
[113702s][INFO]目标函数值如下：7430
[113702s][INFO]选出的节点如下： 
[113702s][INFO]4 8 9 33 45 49 62 63 65 66 77 88 92 102 103 108 114 119 142 143 156 161 162 170 181 188 195 208 217 229 237 239 242 246 261 273 275 284 286 293 316 318 319 323 326 328 329 330 347 355 362 366 373 377 380 383 384 389 399 401 403 406 408 413 425 429 431 437 438 440 479 481 483 489 497 509 510 517 528 532 534 535 537 543 554 556 562 565 573 578 580 582 590 596 612 614 617 620 625 637 650 655 659 660 663 666 667 680 683 691 695 716 724 730 734 736 746 749 755 758 766 780 782 789 804 807 810 829 841 843 856 860 874 891 893 904 911 917 924 925 927 928 942 945 948 957 960 984 988 991 994 1008 1012 1018 1019 1021 1022 1026 1038 1045 1046 1048 1050 1054 1065 1087 1093 1103 1111 1113 1114 1120 1124 1128 1130 1134 1140 1143 1144 1159 1170 1175 1180 1190 1193 1197 1205 1207 1211 1218 1219 1228 1229 1233 1236 1241 1243 1244 1249 1250 1267 1269 1273 1275 1277 1280 1290 1296 1300 1309 1313 1322 1328 1337 1339 1342 1344 1352 1358 1375 1381 1385 1386 1402 1408 1416 1417 1418 1420 1422 1432 1440 1441 1442 1446 1452 1471 1481 1487 1493 1498 1499 1506 1507 1509 1514 1521 1523 1537 1540 1546 1556 1568 1571 1613 1626 1627 1639 1643 1644 1648 1654 1662 1663 1668 1672 1689 1690 1694 1697 1699 1714 1715 1716 1717 1732 1737 1743 1747 1748 1751 1753 1764 1765 1771 1776 1791 1799 1806 1808 1809 1811 1818 1820 1841 1854 1855 1862 1864 1866 1870 1873 1881 1888 1895 1901 1905 1917 1922 1926 1930 1935 1936 1937 1941 1950 1954 1975 1981 1984 1986 1987 1997 1998 2000 2002 2005 2006 2017 2018 2023 2024 2027 2030 2033 2034 2047 2048 2049 2050 2062 2064 2085 2091 2096 2097 2098 2103 2122 2141 2144 2154 2157 2179 2196 2197 2214 2222 2225 2230 2245 2247 2254 2258 2259 2268 2270 2272 2275 2279 2283 2293 2297 2300 2301 2303 2304 2316 2324 2326 2330 2338 2339 2341 2345 2354 2360 2373 2383 2390 2393 2397 2400 2401 2411 2412 2414 2416 2418 2419 2422 2432 2436 2441 2449 2467 2480 2482 2489 2491 2493 2498 2512 2516 2531 2537 2541 2544 2547 2548 2557 2564 2565 2566 2567 2576 2578 2582 2587 2594 2597 2598 2614 2617 2622 2626 2640 2645 2649 2658 2659 2662 2665 2668 2669 2675 2682 2683 2687 2691 2699 2700 2704 2707 2725 2726 2730 2731 2737 2753 2757 2761 2762 2763 2764 2771 2772 2775 2786 2790 2796 2800 2801 2803 2814 2818 2821 2832 2834 2836 2843 2845 2850 2858 2899 2912 2919 2923 2940 2944 2945 2946 2954 2958 2959 2966 2978 2983 2984 2995 
[113702s][BenchMark]第3次测试算例MDG-c_11_n3000_m500
[113715s][INFO]加载文件../Deploy/Instances/MDG-c_11_n3000_m500.txt
[113715s][INFO]矩阵节点数目为:3000  要选的节点数目为:500
[113715s][INFO]随机种子为：1583669910
[116770s][PINCOL_PT]
总迭代步数：1484
[116770s][INFO]500
[116770s][INFO]检查的目标函数值为：7666
[116770s][INFO]目标函数值如下：7666
[116770s][INFO]选出的节点如下： 
[116770s][INFO]0 4 5 6 9 16 17 24 26 27 42 48 58 65 75 80 82 83 84 85 88 98 99 102 107 112 115 129 132 133 134 137 142 156 172 173 176 180 181 193 198 206 210 219 226 242 244 245 248 249 253 260 262 271 272 280 282 283 285 287 290 293 294 303 308 309 314 318 322 334 337 338 349 352 355 358 359 361 373 377 380 393 395 402 403 412 416 419 421 425 430 439 441 443 448 451 461 478 481 483 485 495 498 507 510 517 521 530 533 536 537 538 549 551 552 553 556 557 563 569 570 578 580 581 587 594 599 608 609 610 619 623 629 641 645 668 670 671 672 677 679 682 692 693 696 721 722 725 740 753 768 770 776 777 789 793 799 800 813 833 840 848 849 851 864 868 870 897 922 925 930 932 933 936 938 943 951 952 954 965 980 983 989 991 992 994 1001 1010 1012 1013 1015 1026 1028 1032 1049 1050 1051 1053 1075 1079 1084 1090 1096 1102 1112 1116 1122 1129 1136 1158 1170 1176 1194 1195 1202 1217 1220 1222 1238 1239 1260 1267 1281 1288 1289 1297 1317 1321 1322 1325 1338 1344 1348 1356 1368 1388 1390 1395 1405 1412 1413 1416 1417 1426 1427 1428 1429 1433 1435 1439 1450 1462 1465 1469 1477 1482 1484 1486 1491 1495 1496 1501 1505 1514 1520 1522 1529 1530 1537 1539 1542 1543 1563 1564 1567 1568 1592 1604 1617 1620 1622 1624 1633 1636 1638 1643 1655 1659 1664 1672 1674 1681 1691 1703 1708 1744 1747 1752 1757 1761 1765 1771 1774 1775 1777 1778 1782 1786 1801 1802 1812 1820 1853 1874 1876 1881 1882 1893 1903 1905 1908 1911 1920 1921 1934 1936 1942 1948 1951 1966 1971 1980 1984 1989 1990 1992 2006 2014 2019 2021 2040 2065 2066 2076 2093 2097 2103 2105 2108 2109 2123 2126 2132 2153 2156 2163 2166 2168 2169 2171 2175 2176 2177 2184 2186 2197 2198 2200 2203 2206 2207 2212 2215 2220 2224 2236 2238 2244 2254 2258 2260 2272 2278 2282 2287 2288 2293 2294 2301 2302 2303 2305 2308 2310 2325 2339 2369 2375 2380 2388 2412 2414 2416 2417 2426 2427 2435 2440 2447 2459 2464 2467 2474 2480 2487 2488 2501 2511 2512 2513 2515 2517 2530 2531 2536 2552 2561 2567 2578 2583 2584 2585 2594 2595 2596 2605 2607 2608 2609 2614 2615 2624 2627 2629 2634 2638 2646 2647 2649 2650 2660 2662 2672 2680 2682 2684 2693 2699 2707 2710 2717 2724 2752 2756 2759 2761 2766 2789 2793 2798 2807 2810 2812 2814 2815 2821 2823 2829 2843 2857 2858 2864 2874 2883 2894 2895 2900 2902 2903 2909 2913 2924 2929 2937 2950 2953 2964 2973 2976 2983 
[116770s][BenchMark]第4次测试算例MDG-c_11_n3000_m500
[116783s][INFO]加载文件../Deploy/Instances/MDG-c_11_n3000_m500.txt
[116783s][INFO]矩阵节点数目为:3000  要选的节点数目为:500
[116783s][INFO]随机种子为：1583672978
[119859s][PINCOL_PT]
总迭代步数：1445
[119859s][INFO]500
[119859s][INFO]检查的目标函数值为：7680
[119859s][INFO]目标函数值如下：7680
[119859s][INFO]选出的节点如下： 
[119859s][INFO]0 12 16 22 25 28 32 48 54 65 71 72 74 77 80 81 83 86 101 114 121 122 129 144 160 170 196 198 205 207 223 227 244 256 259 274 280 296 297 308 309 334 336 340 354 359 361 362 363 366 369 382 385 388 403 411 421 425 433 442 460 464 475 497 498 499 505 508 515 517 529 533 534 546 548 565 569 588 589 594 605 616 621 627 632 640 643 653 654 655 672 673 678 701 706 710 714 729 730 731 747 748 752 758 759 762 772 774 783 784 792 793 796 798 803 804 808 809 811 814 818 820 823 824 836 837 840 847 856 876 882 908 916 917 922 923 932 937 955 957 958 960 962 977 978 980 981 984 990 998 1001 1002 1008 1010 1014 1030 1036 1053 1065 1066 1068 1074 1077 1099 1119 1120 1126 1135 1137 1139 1142 1146 1158 1163 1168 1173 1174 1175 1177 1178 1190 1194 1196 1206 1209 1210 1212 1219 1220 1235 1246 1247 1256 1257 1264 1267 1268 1275 1280 1288 1294 1295 1306 1307 1310 1331 1335 1353 1354 1361 1364 1366 1370 1382 1383 1388 1389 1394 1405 1406 1407 1410 1415 1417 1419 1427 1437 1441 1448 1455 1458 1461 1466 1467 1469 1471 1486 1499 1519 1521 1529 1530 1533 1540 1542 1543 1554 1556 1568 1571 1576 1598 1611 1616 1621 1629 1631 1633 1636 1650 1652 1653 1654 1664 1665 1668 1672 1676 1681 1683 1686 1687 1694 1711 1713 1714 1725 1730 1731 1733 1747 1750 1751 1755 1759 1766 1772 1773 1778 1792 1793 1801 1802 1813 1832 1834 1838 1839 1840 1849 1852 1857 1859 1861 1875 1879 1907 1916 1918 1920 1922 1923 1933 1936 1938 1942 1948 1950 1951 1959 1975 1976 1984 1988 1994 2004 2013 2027 2030 2031 2035 2041 2050 2058 2064 2070 2080 2100 2102 2107 2108 2110 2116 2119 2121 2123 2126 2131 2137 2150 2163 2164 2167 2200 2201 2203 2204 2212 2216 2217 2225 2232 2234 2236 2244 2255 2270 2273 2274 2289 2290 2295 2319 2328 2329 2330 2332 2333 2335 2336 2337 2349 2362 2366 2369 2375 2377 2382 2388 2396 2402 2404 2410 2416 2418 2421 2425 2434 2442 2452 2458 2461 2468 2469 2475 2485 2487 2488 2503 2522 2527 2530 2533 2537 2538 2550 2555 2562 2565 2566 2572 2573 2575 2585 2588 2592 2596 2611 2612 2614 2615 2617 2619 2625 2627 2629 2637 2644 2646 2652 2661 2675 2676 2680 2697 2701 2703 2704 2708 2712 2715 2737 2748 2749 2756 2764 2766 2769 2770 2772 2781 2787 2788 2796 2797 2801 2813 2814 2823 2826 2831 2837 2847 2848 2853 2867 2882 2884 2887 2893 2894 2909 2910 2916 2926 2940 2941 2942 2948 2949 2950 2957 2958 2962 2965 2966 2982 2987 2988 2990 
[119859s][BenchMark]第5次测试算例MDG-c_11_n3000_m500
[119872s][INFO]加载文件../Deploy/Instances/MDG-c_11_n3000_m500.txt
[119872s][INFO]矩阵节点数目为:3000  要选的节点数目为:500
[119872s][INFO]随机种子为：1583676068
[122918s][PINCOL_PT]
总迭代步数：1480
[122918s][INFO]500
[122918s][INFO]检查的目标函数值为：7960
[122918s][INFO]目标函数值如下：7960
[122918s][INFO]选出的节点如下： 
[122918s][INFO]4 11 14 21 25 29 32 35 46 47 49 53 70 76 77 80 94 100 114 121 122 124 136 147 168 172 173 178 188 194 196 200 208 219 220 226 227 237 240 242 251 254 270 272 276 283 288 292 298 302 304 321 323 326 330 335 348 349 356 358 368 377 396 400 407 414 417 430 431 447 448 450 455 457 462 471 479 480 484 485 495 502 506 513 515 516 518 533 536 539 556 565 568 570 585 593 603 609 623 624 638 640 642 645 656 657 664 668 672 676 677 694 695 696 701 702 710 720 721 722 737 741 748 756 764 782 792 793 799 801 824 840 851 859 861 865 867 878 887 889 892 896 900 901 906 907 908 914 920 925 928 932 941 942 945 946 947 960 974 979 985 987 991 993 998 1001 1003 1010 1013 1028 1032 1035 1044 1045 1055 1059 1063 1078 1079 1083 1088 1101 1106 1117 1119 1120 1134 1140 1149 1177 1179 1198 1201 1203 1206 1209 1219 1222 1228 1229 1230 1231 1236 1237 1241 1246 1247 1250 1252 1254 1268 1272 1285 1297 1301 1302 1306 1311 1313 1321 1329 1331 1356 1381 1383 1384 1387 1394 1396 1412 1416 1418 1431 1438 1450 1461 1463 1466 1468 1475 1476 1478 1489 1492 1493 1498 1499 1503 1505 1520 1522 1527 1528 1530 1537 1544 1546 1564 1577 1578 1593 1594 1595 1598 1601 1619 1621 1625 1636 1640 1641 1642 1644 1657 1661 1665 1673 1698 1706 1714 1726 1728 1731 1735 1736 1737 1742 1751 1757 1758 1762 1764 1769 1770 1772 1774 1780 1789 1799 1804 1813 1829 1833 1841 1867 1868 1879 1880 1883 1890 1896 1900 1903 1904 1919 1925 1932 1934 1938 1939 1941 1943 1949 1957 1960 1976 1986 1987 1997 1999 2003 2012 2021 2023 2033 2034 2038 2043 2045 2053 2067 2075 2092 2093 2097 2104 2105 2117 2118 2123 2126 2127 2128 2147 2149 2155 2163 2164 2166 2170 2174 2175 2195 2203 2229 2239 2240 2243 2245 2255 2258 2262 2263 2276 2282 2283 2302 2305 2315 2322 2323 2327 2329 2330 2331 2343 2354 2370 2372 2374 2377 2380 2385 2393 2403 2408 2421 2422 2430 2442 2454 2461 2469 2471 2484 2486 2490 2500 2506 2507 2511 2512 2524 2527 2528 2530 2539 2540 2547 2548 2554 2560 2568 2572 2580 2582 2584 2599 2601 2607 2609 2621 2625 2627 2629 2640 2645 2647 2652 2655 2656 2667 2669 2673 2682 2685 2686 2694 2702 2703 2708 2714 2718 2722 2728 2730 2736 2737 2741 2753 2756 2757 2758 2765 2770 2774 2792 2794 2800 2801 2802 2811 2823 2834 2835 2841 2850 2869 2873 2878 2883 2888 2906 2912 2919 2923 2936 2940 2942 2950 2951 2953 2954 2959 2961 2974 2976 2983 2987 2999 
