Total log number:200       
[12ms][BenchMark]第1次测试算例MDG-c_3_n3000_m300
[15244ms][INFO]加载文件../Deploy/Instances/MDG-c_3_n3000_m300.txt
[15244ms][INFO]矩阵节点数目为:3000  要选的节点数目为:300
[15245ms][INFO]随机种子为：1582438187
[6019s][PINCOL_PT]
总迭代步数：6137
[6019s][INFO]检查的目标函数值为：4576
[6019s][INFO]当前的目标函数值为：4576
[6019s][INFO]目标函数值如下：4576
[6019s][INFO]选出的节点如下： 
[6019s][INFO]43 60 72 84 88 90 109 125 132 135 139 145 152 162 166 167 174 206 213 215 220 229 247 264 271 272 276 292 296 301 341 348 355 359 368 413 439 462 467 492 519 521 563 567 576 580 599 600 602 613 618 627 635 640 641 644 660 663 673 680 683 689 692 710 711 722 724 736 749 752 754 755 766 794 807 809 811 814 825 827 834 854 866 872 880 884 887 899 900 904 914 919 928 938 942 949 964 965 968 984 988 996 1019 1022 1038 1046 1071 1097 1101 1107 1119 1130 1155 1159 1168 1176 1181 1183 1191 1192 1194 1210 1211 1242 1246 1248 1250 1251 1254 1255 1309 1311 1322 1335 1338 1339 1351 1352 1356 1361 1387 1388 1390 1393 1407 1410 1419 1421 1446 1461 1464 1473 1475 1478 1484 1486 1503 1513 1523 1532 1539 1541 1567 1572 1574 1577 1589 1611 1646 1647 1648 1650 1658 1677 1679 1702 1708 1710 1717 1721 1723 1733 1787 1799 1816 1820 1824 1834 1854 1864 1867 1870 1872 1895 1903 1933 1935 1955 1956 1958 1962 1965 1971 1983 1984 2005 2009 2015 2023 2060 2093 2099 2112 2132 2142 2149 2153 2156 2196 2200 2215 2218 2229 2246 2257 2258 2260 2263 2264 2269 2287 2291 2295 2311 2314 2316 2328 2346 2349 2355 2358 2369 2378 2382 2393 2403 2408 2416 2417 2446 2476 2480 2487 2490 2501 2502 2509 2533 2555 2571 2583 2594 2595 2601 2608 2619 2620 2627 2630 2645 2652 2656 2664 2671 2678 2683 2729 2731 2758 2759 2783 2796 2803 2805 2829 2855 2862 2873 2876 2886 2892 2893 2895 2908 2927 2937 2957 2964 2978 2991 
[6019s][BenchMark]第2次测试算例MDG-c_3_n3000_m300
[6031s][INFO]加载文件../Deploy/Instances/MDG-c_3_n3000_m300.txt
[6031s][INFO]矩阵节点数目为:3000  要选的节点数目为:300
[6031s][INFO]随机种子为：1582444203
[12032s][PINCOL_PT]
总迭代步数：6073
[12032s][INFO]检查的目标函数值为：4677
[12032s][INFO]当前的目标函数值为：4677
[12032s][INFO]目标函数值如下：4677
[12032s][INFO]选出的节点如下： 
[12032s][INFO]0 9 48 55 56 58 80 94 97 101 117 125 126 130 134 143 168 177 195 196 210 214 218 219 224 225 228 231 251 272 288 303 319 336 338 344 352 368 372 375 379 380 383 387 390 393 400 406 411 413 415 421 427 434 442 445 448 459 462 468 476 489 498 499 518 525 527 531 532 536 558 561 564 568 571 581 583 587 588 590 604 605 607 617 624 627 633 638 640 647 667 692 706 710 711 726 741 755 756 757 781 792 806 820 862 863 874 890 903 904 914 917 918 923 954 955 960 975 998 1013 1044 1053 1058 1060 1079 1085 1099 1103 1126 1147 1162 1206 1214 1222 1225 1229 1230 1244 1256 1263 1288 1289 1312 1319 1321 1322 1329 1351 1364 1406 1410 1434 1435 1449 1465 1479 1483 1489 1498 1517 1531 1553 1564 1572 1578 1587 1602 1604 1628 1640 1656 1669 1678 1692 1706 1716 1725 1734 1735 1750 1785 1802 1810 1815 1817 1823 1835 1865 1874 1888 1898 1902 1905 1907 1920 1935 1943 1954 1975 1990 1991 1996 2007 2009 2036 2042 2059 2067 2107 2125 2133 2138 2139 2152 2176 2194 2202 2205 2210 2226 2244 2246 2250 2251 2255 2272 2282 2294 2296 2298 2302 2309 2315 2319 2347 2352 2354 2379 2392 2397 2402 2405 2406 2408 2412 2418 2429 2441 2447 2455 2458 2461 2463 2480 2481 2495 2496 2508 2531 2538 2539 2548 2550 2552 2558 2560 2585 2602 2622 2623 2630 2635 2637 2656 2668 2686 2707 2713 2721 2731 2736 2755 2782 2796 2799 2808 2830 2862 2868 2899 2919 2922 2927 2928 2932 2940 2954 2957 2990 2998 
[12032s][BenchMark]第3次测试算例MDG-c_3_n3000_m300
[12045s][INFO]加载文件../Deploy/Instances/MDG-c_3_n3000_m300.txt
[12045s][INFO]矩阵节点数目为:3000  要选的节点数目为:300
[12045s][INFO]随机种子为：1582450217
[18048s][PINCOL_PT]
总迭代步数：6229
[18048s][INFO]检查的目标函数值为：4609
[18048s][INFO]当前的目标函数值为：4609
[18048s][INFO]目标函数值如下：4609
[18048s][INFO]选出的节点如下： 
[18048s][INFO]1 7 8 18 24 32 36 38 39 51 86 98 105 124 128 129 186 212 214 216 219 229 238 239 240 259 282 286 290 295 310 331 357 369 399 414 417 421 427 432 452 454 460 493 503 515 535 542 543 547 548 560 566 567 570 607 609 612 621 629 635 638 647 649 663 666 668 678 693 714 716 719 728 734 737 793 796 809 838 854 858 891 899 900 907 928 941 988 1000 1005 1010 1017 1029 1033 1045 1047 1058 1074 1078 1080 1082 1106 1113 1132 1134 1136 1138 1154 1161 1167 1188 1189 1191 1193 1217 1232 1261 1283 1289 1305 1312 1316 1323 1330 1332 1336 1337 1340 1349 1358 1361 1363 1367 1369 1375 1381 1389 1393 1410 1419 1423 1426 1444 1445 1452 1454 1460 1470 1475 1480 1485 1486 1490 1493 1507 1531 1539 1550 1563 1567 1571 1579 1585 1589 1607 1619 1660 1662 1667 1671 1686 1698 1725 1734 1737 1774 1785 1794 1799 1801 1835 1845 1847 1848 1850 1860 1865 1867 1885 1889 1894 1895 1897 1902 1922 1939 1940 1965 1980 1990 2000 2004 2007 2024 2025 2029 2030 2035 2038 2040 2043 2061 2069 2070 2072 2078 2087 2102 2112 2118 2130 2134 2136 2140 2146 2153 2165 2166 2174 2175 2181 2185 2198 2200 2211 2230 2244 2249 2250 2258 2261 2272 2297 2302 2345 2355 2360 2368 2375 2398 2403 2411 2414 2415 2436 2438 2473 2475 2481 2482 2502 2503 2528 2548 2550 2595 2600 2603 2606 2632 2635 2644 2673 2677 2679 2688 2689 2696 2700 2711 2717 2721 2723 2724 2741 2770 2775 2782 2796 2806 2811 2815 2893 2906 2914 2919 2923 2939 2948 2996 
[18049s][BenchMark]第4次测试算例MDG-c_3_n3000_m300
[18061s][INFO]加载文件../Deploy/Instances/MDG-c_3_n3000_m300.txt
[18061s][INFO]矩阵节点数目为:3000  要选的节点数目为:300
[18061s][INFO]随机种子为：1582456233
[24085s][PINCOL_PT]
总迭代步数：6268
[24085s][INFO]检查的目标函数值为：4653
[24085s][INFO]当前的目标函数值为：4653
[24085s][INFO]目标函数值如下：4653
[24085s][INFO]选出的节点如下： 
[24085s][INFO]9 11 30 43 44 47 48 57 59 60 61 68 75 92 96 105 110 113 117 122 169 170 173 182 187 188 194 201 207 214 218 223 237 239 279 293 294 301 304 305 306 324 351 359 365 366 382 387 390 403 407 436 440 459 473 485 487 506 511 512 517 547 551 559 560 574 594 615 619 626 631 632 637 638 661 664 672 682 701 727 748 751 755 773 783 794 795 809 824 828 841 850 865 867 876 892 900 908 909 912 913 914 915 916 922 923 934 962 969 977 990 1023 1027 1044 1063 1066 1073 1083 1084 1096 1099 1133 1160 1166 1175 1178 1193 1197 1206 1215 1230 1237 1249 1259 1264 1268 1270 1272 1280 1285 1328 1329 1332 1340 1369 1391 1393 1395 1417 1434 1441 1457 1482 1484 1490 1497 1498 1509 1514 1524 1533 1543 1550 1552 1563 1564 1574 1577 1582 1605 1616 1620 1622 1629 1644 1679 1688 1705 1715 1720 1728 1729 1753 1760 1770 1771 1775 1783 1791 1828 1836 1850 1852 1881 1892 1895 1905 1912 1933 1935 1945 1958 1977 1982 1986 1994 1996 2026 2035 2067 2077 2085 2088 2099 2109 2122 2130 2160 2181 2187 2189 2193 2201 2205 2220 2258 2261 2270 2286 2291 2303 2307 2314 2317 2321 2328 2337 2344 2346 2349 2359 2369 2372 2394 2407 2408 2418 2441 2462 2466 2469 2477 2499 2507 2516 2522 2535 2538 2539 2549 2556 2590 2593 2625 2626 2629 2649 2657 2670 2676 2683 2684 2685 2686 2702 2716 2724 2731 2736 2740 2747 2748 2749 2750 2753 2756 2773 2777 2787 2819 2847 2848 2865 2867 2882 2901 2933 2981 2987 2999 
[24085s][BenchMark]第5次测试算例MDG-c_3_n3000_m300
[24097s][INFO]加载文件../Deploy/Instances/MDG-c_3_n3000_m300.txt
[24097s][INFO]矩阵节点数目为:3000  要选的节点数目为:300
[24097s][INFO]随机种子为：1582462269
[30109s][PINCOL_PT]
总迭代步数：6216
[30109s][INFO]检查的目标函数值为：4617
[30109s][INFO]当前的目标函数值为：4617
[30109s][INFO]目标函数值如下：4617
[30109s][INFO]选出的节点如下： 
[30109s][INFO]0 36 49 51 52 63 79 81 86 91 92 94 126 137 141 165 179 181 185 193 194 196 200 202 216 219 231 246 247 250 266 273 307 319 324 326 328 341 354 358 392 406 413 441 445 474 479 482 487 488 492 493 498 502 514 515 522 525 532 557 562 589 591 592 593 599 604 607 621 629 638 643 649 651 669 670 695 700 705 711 715 716 733 735 738 743 746 755 772 778 781 785 791 820 861 873 874 888 898 900 910 915 923 944 947 956 961 967 984 990 1006 1047 1051 1054 1060 1063 1066 1072 1074 1097 1098 1117 1123 1143 1154 1161 1212 1213 1214 1225 1230 1239 1255 1284 1291 1310 1314 1325 1344 1350 1356 1358 1360 1363 1372 1382 1389 1419 1439 1455 1458 1468 1471 1474 1475 1480 1489 1512 1514 1526 1528 1533 1555 1570 1594 1614 1615 1616 1627 1631 1665 1668 1688 1691 1715 1716 1719 1722 1734 1739 1747 1749 1752 1755 1794 1796 1813 1838 1842 1865 1870 1876 1888 1916 1923 1931 1945 1951 1956 1982 1985 1988 1995 1997 2001 2012 2014 2018 2022 2027 2028 2032 2058 2063 2064 2070 2073 2083 2088 2091 2116 2127 2130 2133 2134 2165 2191 2200 2201 2202 2208 2222 2223 2231 2238 2244 2252 2254 2256 2262 2263 2269 2270 2273 2294 2303 2313 2318 2320 2327 2338 2354 2355 2362 2371 2384 2403 2405 2422 2424 2430 2441 2445 2459 2462 2470 2507 2511 2519 2526 2540 2557 2561 2588 2605 2620 2631 2642 2655 2674 2700 2717 2729 2764 2768 2800 2808 2817 2821 2829 2839 2847 2859 2867 2902 2904 2908 2912 2946 2973 
[30109s][BenchMark]第1次测试算例MDG-c_7_n3000_m400
[30121s][INFO]加载文件../Deploy/Instances/MDG-c_7_n3000_m400.txt
[30121s][INFO]矩阵节点数目为:3000  要选的节点数目为:400
[30121s][INFO]随机种子为：1582468293
[36123s][PINCOL_PT]
总迭代步数：3439
[36123s][INFO]检查的目标函数值为：6021
[36123s][INFO]当前的目标函数值为：6021
[36123s][INFO]目标函数值如下：6021
[36123s][INFO]选出的节点如下： 
[36123s][INFO]6 19 20 23 27 34 59 64 65 79 80 82 118 126 131 164 167 171 174 182 184 210 212 227 228 229 238 269 270 273 281 287 293 297 306 308 346 359 364 373 382 386 391 392 396 401 411 412 424 431 436 438 464 487 490 495 501 509 531 551 563 565 566 569 573 575 577 580 586 593 606 610 617 626 627 632 633 647 661 663 675 682 691 693 696 697 699 700 703 709 733 744 749 758 763 776 782 790 795 803 805 806 818 821 835 839 841 843 847 850 853 857 859 860 867 881 895 901 905 908 909 923 925 926 931 934 940 943 950 954 974 978 985 991 993 995 1000 1004 1005 1009 1013 1026 1033 1046 1049 1051 1054 1058 1060 1061 1063 1065 1067 1071 1074 1079 1095 1100 1115 1119 1120 1122 1153 1156 1167 1169 1195 1222 1229 1237 1248 1254 1261 1270 1274 1281 1282 1283 1296 1315 1317 1318 1358 1362 1375 1390 1401 1434 1445 1452 1459 1466 1474 1475 1476 1494 1522 1527 1529 1532 1546 1551 1556 1564 1569 1572 1577 1578 1592 1610 1616 1618 1622 1623 1630 1632 1634 1636 1657 1674 1677 1679 1688 1693 1718 1726 1728 1730 1736 1769 1778 1787 1788 1812 1814 1829 1832 1833 1855 1856 1857 1858 1867 1871 1883 1885 1890 1909 1912 1913 1920 1923 1940 1951 1953 1954 1957 1961 1998 2001 2002 2008 2011 2017 2026 2028 2037 2051 2055 2069 2074 2082 2085 2100 2104 2123 2127 2131 2132 2140 2143 2157 2177 2215 2216 2219 2224 2231 2236 2250 2251 2266 2267 2273 2274 2280 2289 2290 2305 2308 2310 2311 2317 2320 2326 2336 2341 2342 2344 2348 2351 2352 2355 2356 2360 2365 2366 2371 2372 2379 2398 2410 2433 2437 2447 2450 2459 2462 2466 2469 2479 2481 2497 2531 2533 2537 2545 2546 2549 2570 2583 2603 2621 2633 2644 2653 2657 2658 2659 2662 2663 2666 2669 2675 2695 2702 2704 2709 2711 2722 2729 2737 2739 2745 2751 2759 2760 2773 2783 2794 2817 2819 2820 2821 2824 2833 2838 2846 2847 2852 2854 2863 2865 2866 2871 2879 2880 2903 2928 2934 2937 2945 2955 2958 2959 2960 2967 2970 2971 2974 
[36123s][BenchMark]第2次测试算例MDG-c_7_n3000_m400
[36136s][INFO]加载文件../Deploy/Instances/MDG-c_7_n3000_m400.txt
[36136s][INFO]矩阵节点数目为:3000  要选的节点数目为:400
[36136s][INFO]随机种子为：1582474308
[42143s][PINCOL_PT]
总迭代步数：3423
[42143s][INFO]检查的目标函数值为：6411
[42143s][INFO]当前的目标函数值为：6411
[42143s][INFO]目标函数值如下：6411
[42143s][INFO]选出的节点如下： 
[42143s][INFO]2 7 20 22 23 25 27 38 51 58 64 76 82 87 89 97 102 104 112 129 150 164 165 169 171 185 195 198 201 208 224 229 231 257 268 276 277 292 296 301 323 348 356 359 365 369 380 384 390 391 405 407 412 417 420 451 454 501 505 514 516 524 525 527 534 543 545 548 551 555 572 578 592 598 613 619 634 645 647 659 662 664 667 681 697 704 706 711 713 714 719 720 731 740 742 747 752 765 769 770 771 790 793 794 797 801 825 849 851 852 861 865 876 881 886 915 920 921 947 948 952 954 971 981 984 986 988 1000 1017 1018 1026 1036 1045 1066 1081 1088 1090 1099 1105 1117 1122 1127 1134 1153 1162 1168 1175 1187 1188 1198 1201 1210 1219 1234 1243 1249 1259 1260 1268 1275 1290 1292 1293 1297 1313 1319 1330 1332 1333 1344 1345 1371 1375 1383 1399 1410 1411 1414 1426 1441 1449 1455 1464 1470 1471 1472 1473 1477 1479 1487 1491 1493 1494 1498 1522 1527 1534 1557 1559 1565 1566 1569 1585 1588 1594 1596 1597 1607 1614 1623 1626 1630 1638 1639 1656 1663 1673 1676 1688 1690 1701 1706 1721 1727 1744 1757 1764 1771 1773 1778 1779 1791 1799 1803 1822 1824 1829 1832 1833 1841 1843 1852 1857 1866 1868 1870 1874 1876 1885 1887 1922 1925 1939 1944 1947 1962 1963 1969 1979 1980 1991 1994 1997 2014 2024 2029 2032 2040 2045 2046 2060 2070 2072 2087 2092 2098 2106 2111 2117 2124 2138 2141 2144 2147 2176 2178 2180 2186 2194 2195 2219 2220 2225 2236 2243 2246 2252 2258 2259 2268 2273 2280 2283 2284 2297 2298 2304 2306 2313 2319 2321 2325 2327 2329 2331 2339 2341 2343 2369 2380 2410 2414 2419 2420 2432 2434 2439 2448 2462 2464 2471 2479 2489 2508 2525 2527 2529 2532 2542 2552 2555 2571 2577 2581 2602 2624 2632 2640 2642 2646 2652 2655 2659 2663 2664 2665 2666 2693 2695 2697 2698 2704 2716 2721 2724 2728 2730 2731 2732 2735 2759 2765 2767 2775 2778 2799 2804 2813 2815 2818 2824 2838 2842 2856 2859 2880 2888 2894 2902 2917 2925 2929 2941 2943 2946 2947 2963 2976 2982 2999 
[42143s][BenchMark]第3次测试算例MDG-c_7_n3000_m400
[42156s][INFO]加载文件../Deploy/Instances/MDG-c_7_n3000_m400.txt
[42156s][INFO]矩阵节点数目为:3000  要选的节点数目为:400
[42156s][INFO]随机种子为：1582480328
[48189s][PINCOL_PT]
总迭代步数：3437
[48189s][INFO]检查的目标函数值为：5846
[48189s][INFO]当前的目标函数值为：5846
[48189s][INFO]目标函数值如下：5846
[48189s][INFO]选出的节点如下： 
[48189s][INFO]0 8 16 26 29 35 41 43 45 59 68 83 87 106 116 125 130 140 141 152 154 167 171 185 195 200 230 236 242 250 253 258 262 265 273 295 316 318 350 365 372 377 381 386 394 398 426 427 432 437 444 448 454 458 470 475 480 486 493 500 512 516 524 532 533 536 540 546 552 567 568 577 581 587 588 595 597 598 609 633 637 638 640 643 652 656 667 679 684 693 706 708 710 715 720 722 729 732 736 742 749 759 764 771 775 782 784 786 791 792 794 804 809 813 828 835 844 852 885 887 892 910 911 937 940 957 958 968 972 982 990 1001 1010 1012 1015 1018 1027 1028 1031 1047 1051 1054 1058 1070 1073 1094 1095 1096 1113 1120 1132 1144 1158 1177 1181 1190 1194 1198 1203 1207 1208 1224 1239 1242 1243 1246 1254 1255 1259 1277 1279 1289 1292 1300 1320 1321 1323 1330 1345 1355 1364 1369 1375 1376 1382 1386 1396 1401 1411 1417 1440 1442 1444 1448 1470 1482 1494 1500 1506 1530 1567 1578 1583 1595 1603 1611 1615 1618 1627 1628 1635 1637 1641 1657 1666 1667 1692 1695 1705 1710 1713 1718 1731 1739 1762 1766 1777 1799 1804 1806 1809 1810 1817 1819 1825 1829 1836 1849 1850 1858 1859 1875 1883 1892 1907 1919 1924 1925 1932 1949 1953 1967 1976 1979 1986 1991 1995 1998 1999 2000 2007 2017 2018 2029 2032 2033 2052 2053 2056 2076 2085 2086 2112 2119 2123 2129 2135 2141 2143 2160 2163 2174 2175 2177 2185 2191 2194 2212 2227 2233 2235 2240 2250 2274 2279 2296 2298 2303 2323 2324 2341 2348 2352 2353 2356 2375 2376 2378 2383 2385 2389 2390 2391 2399 2410 2415 2422 2450 2459 2468 2473 2474 2475 2483 2492 2493 2496 2511 2513 2524 2556 2562 2563 2566 2580 2590 2593 2595 2600 2610 2612 2615 2618 2640 2641 2644 2656 2658 2660 2661 2677 2681 2691 2694 2697 2701 2703 2708 2715 2744 2745 2749 2770 2794 2804 2811 2814 2819 2828 2829 2843 2844 2845 2860 2864 2872 2882 2887 2889 2897 2904 2907 2909 2912 2918 2927 2933 2935 2944 2954 2960 2962 2966 2967 2972 2975 2983 2987 2988 2998 
[48190s][BenchMark]第4次测试算例MDG-c_7_n3000_m400
[48203s][INFO]加载文件../Deploy/Instances/MDG-c_7_n3000_m400.txt
[48203s][INFO]矩阵节点数目为:3000  要选的节点数目为:400
[48203s][INFO]随机种子为：1582486375
[54236s][PINCOL_PT]
总迭代步数：2816
[54236s][INFO]检查的目标函数值为：6342
[54236s][INFO]当前的目标函数值为：6342
[54236s][INFO]目标函数值如下：6342
[54236s][INFO]选出的节点如下： 
[54236s][INFO]3 18 22 23 25 26 36 37 42 50 60 70 78 84 86 93 95 106 110 124 127 130 131 135 138 139 141 144 150 158 161 164 171 175 177 179 198 204 217 219 227 232 255 259 271 273 274 275 277 281 284 300 305 319 330 337 342 351 375 377 378 389 398 407 414 416 417 418 426 429 443 445 447 449 458 465 473 476 489 495 499 508 512 515 516 518 525 528 535 536 537 555 556 559 567 570 574 589 602 604 605 638 642 647 649 651 653 667 673 679 694 695 701 710 726 732 734 769 776 801 807 808 809 815 816 833 841 852 860 865 873 874 892 900 904 922 927 930 949 958 963 965 966 968 979 980 989 993 995 1009 1016 1029 1031 1032 1047 1057 1061 1063 1065 1071 1076 1082 1086 1095 1105 1123 1133 1137 1145 1148 1156 1172 1174 1225 1231 1237 1259 1269 1278 1279 1297 1299 1306 1308 1309 1311 1315 1316 1317 1324 1326 1327 1356 1359 1361 1390 1403 1406 1416 1427 1440 1442 1485 1488 1489 1499 1502 1516 1518 1521 1534 1539 1545 1564 1568 1569 1582 1583 1585 1611 1621 1622 1625 1626 1631 1633 1634 1640 1657 1660 1662 1663 1672 1678 1683 1696 1709 1714 1715 1727 1729 1734 1735 1748 1760 1762 1765 1766 1772 1773 1775 1779 1781 1782 1783 1785 1805 1808 1825 1831 1836 1852 1856 1857 1863 1870 1874 1885 1891 1892 1896 1902 1920 1926 1928 1940 1946 1958 1965 1972 1980 1997 2035 2050 2055 2065 2068 2069 2073 2092 2094 2096 2114 2131 2142 2149 2158 2159 2174 2178 2181 2187 2194 2196 2197 2214 2221 2230 2249 2256 2259 2268 2271 2287 2288 2289 2292 2306 2315 2318 2321 2323 2328 2334 2336 2338 2340 2344 2349 2356 2389 2409 2416 2440 2441 2479 2481 2483 2484 2493 2506 2507 2511 2515 2525 2540 2542 2547 2552 2553 2555 2559 2560 2563 2572 2578 2606 2644 2647 2648 2653 2668 2672 2677 2678 2686 2694 2695 2708 2716 2731 2744 2748 2760 2761 2769 2774 2779 2782 2788 2804 2814 2821 2836 2854 2866 2868 2870 2882 2885 2887 2892 2905 2937 2943 2954 2970 2975 2983 2993 
[54236s][BenchMark]第5次测试算例MDG-c_7_n3000_m400
[54249s][INFO]加载文件../Deploy/Instances/MDG-c_7_n3000_m400.txt
[54249s][INFO]矩阵节点数目为:3000  要选的节点数目为:400
[54249s][INFO]随机种子为：1582492422
[60304s][PINCOL_PT]
总迭代步数：2889
[60304s][INFO]检查的目标函数值为：6160
[60304s][INFO]当前的目标函数值为：6160
[60304s][INFO]目标函数值如下：6160
[60304s][INFO]选出的节点如下： 
[60304s][INFO]1 11 28 29 31 41 42 47 73 85 89 91 93 120 122 126 138 143 147 151 156 163 169 175 182 187 189 190 191 205 206 218 223 226 229 237 246 263 273 284 285 294 296 299 323 328 329 349 354 378 386 394 416 423 437 444 464 465 469 484 488 489 492 493 505 512 515 520 556 559 562 572 585 587 594 595 611 614 615 623 632 639 642 654 656 661 666 672 679 705 710 711 718 720 724 728 738 740 747 748 756 761 766 775 777 788 794 801 827 828 837 847 849 850 858 859 861 866 876 878 882 892 913 914 926 931 941 944 946 956 958 974 987 992 1002 1004 1007 1011 1013 1014 1015 1029 1033 1043 1046 1050 1052 1059 1064 1075 1082 1087 1099 1105 1107 1111 1114 1118 1141 1154 1167 1171 1191 1200 1245 1252 1259 1260 1261 1269 1293 1297 1307 1309 1315 1338 1340 1361 1370 1373 1374 1376 1378 1379 1386 1410 1418 1423 1448 1459 1467 1470 1489 1496 1502 1503 1507 1509 1524 1528 1533 1550 1560 1568 1570 1572 1577 1582 1589 1590 1610 1616 1623 1624 1637 1672 1675 1678 1688 1696 1697 1707 1710 1714 1723 1724 1728 1737 1738 1740 1741 1744 1752 1775 1787 1788 1789 1801 1812 1818 1819 1824 1832 1838 1846 1859 1871 1873 1879 1892 1898 1901 1902 1906 1912 1927 1928 1934 1948 1950 1952 1990 1991 1997 1998 2037 2040 2042 2047 2063 2074 2081 2087 2088 2095 2113 2120 2126 2127 2154 2158 2160 2165 2170 2183 2186 2197 2209 2237 2242 2245 2253 2257 2262 2268 2275 2276 2282 2283 2284 2287 2302 2315 2321 2325 2337 2340 2355 2358 2360 2378 2379 2383 2386 2407 2419 2432 2437 2443 2457 2464 2478 2491 2500 2502 2517 2520 2530 2534 2548 2549 2554 2568 2569 2572 2574 2575 2577 2578 2581 2589 2590 2602 2612 2615 2618 2619 2632 2640 2643 2646 2647 2648 2659 2662 2684 2687 2696 2697 2702 2711 2713 2716 2717 2719 2729 2730 2742 2743 2748 2753 2757 2765 2789 2799 2819 2829 2847 2850 2861 2870 2872 2874 2883 2891 2894 2902 2911 2918 2945 2961 2964 2971 2974 2976 2977 2978 2980 2997 2999 
[60304s][BenchMark]第1次测试算例MDG-c_11_n3000_m500
[60318s][INFO]加载文件../Deploy/Instances/MDG-c_11_n3000_m500.txt
[60318s][INFO]矩阵节点数目为:3000  要选的节点数目为:500
[60318s][INFO]随机种子为：1582498490
[66334s][PINCOL_PT]
总迭代步数：1861
[66334s][INFO]检查的目标函数值为：7654
[66334s][INFO]当前的目标函数值为：7654
[66334s][INFO]目标函数值如下：7654
[66334s][INFO]选出的节点如下： 
[66334s][INFO]2 14 21 29 31 32 38 39 42 48 52 53 54 55 62 63 71 85 86 90 104 113 114 118 133 134 140 142 146 147 148 152 157 162 164 173 174 176 178 195 212 217 219 238 242 251 254 258 259 265 267 279 286 292 306 308 311 326 327 329 332 338 345 351 352 359 365 378 382 391 401 408 415 418 422 437 439 443 445 448 453 457 464 465 476 485 492 495 501 507 511 516 518 528 530 531 543 556 565 567 570 571 582 591 593 597 602 606 610 611 622 635 640 645 652 657 669 674 675 680 685 695 698 703 718 725 735 737 740 757 762 766 770 776 785 793 797 801 802 807 809 820 832 834 841 850 869 873 876 877 888 891 895 900 902 904 914 924 942 943 945 952 954 957 964 971 976 981 984 993 1000 1013 1016 1018 1034 1039 1040 1041 1042 1052 1055 1058 1059 1069 1077 1078 1081 1082 1085 1110 1115 1123 1126 1128 1137 1144 1145 1160 1161 1165 1166 1174 1177 1187 1191 1192 1194 1195 1203 1204 1206 1212 1227 1233 1246 1248 1260 1267 1275 1279 1282 1293 1296 1302 1309 1311 1333 1334 1336 1339 1340 1342 1348 1352 1362 1363 1367 1379 1384 1387 1395 1396 1403 1419 1421 1436 1437 1444 1445 1455 1460 1465 1466 1474 1476 1479 1483 1487 1490 1506 1511 1513 1522 1524 1535 1536 1539 1546 1548 1559 1564 1565 1571 1576 1577 1578 1589 1593 1612 1619 1621 1625 1626 1630 1632 1634 1638 1645 1653 1654 1655 1657 1658 1662 1668 1672 1676 1688 1693 1704 1713 1717 1720 1722 1725 1728 1733 1734 1741 1742 1753 1760 1765 1774 1782 1783 1788 1797 1805 1824 1831 1836 1838 1841 1844 1862 1878 1893 1900 1906 1908 1916 1932 1945 1946 1958 1959 1960 1969 1970 1974 1980 1986 1989 1991 1993 1998 2003 2009 2023 2026 2032 2040 2042 2045 2049 2066 2085 2088 2089 2093 2095 2108 2110 2122 2124 2126 2131 2141 2151 2152 2157 2158 2165 2169 2170 2173 2175 2178 2180 2190 2194 2195 2199 2203 2207 2217 2224 2228 2256 2264 2268 2273 2276 2283 2285 2294 2303 2310 2312 2320 2327 2336 2343 2344 2345 2347 2356 2357 2370 2377 2378 2380 2385 2388 2389 2396 2403 2408 2413 2419 2420 2421 2422 2424 2428 2429 2452 2458 2461 2465 2467 2484 2486 2488 2498 2505 2508 2517 2519 2522 2527 2530 2544 2551 2554 2555 2568 2579 2587 2607 2621 2623 2634 2636 2638 2644 2650 2658 2672 2678 2683 2684 2698 2704 2706 2714 2723 2726 2728 2740 2742 2745 2747 2789 2795 2799 2805 2820 2825 2829 2838 2849 2850 2866 2885 2886 2895 2899 2917 2950 2952 2953 2964 2965 2967 2975 2980 2985 2995 
[66334s][BenchMark]第2次测试算例MDG-c_11_n3000_m500
[66347s][INFO]加载文件../Deploy/Instances/MDG-c_11_n3000_m500.txt
[66347s][INFO]矩阵节点数目为:3000  要选的节点数目为:500
[66347s][INFO]随机种子为：1582504519
[72384s][PINCOL_PT]
总迭代步数：1834
[72384s][INFO]检查的目标函数值为：7430
[72384s][INFO]当前的目标函数值为：7430
[72384s][INFO]目标函数值如下：7430
[72384s][INFO]选出的节点如下： 
[72384s][INFO]0 7 9 10 12 20 32 38 49 50 52 53 56 70 72 80 90 104 110 120 132 134 140 141 142 146 147 153 156 161 163 169 177 183 184 195 220 223 226 227 229 240 247 251 257 260 262 264 273 277 287 293 301 309 313 324 325 327 337 349 356 357 358 362 368 371 380 383 388 391 403 406 407 408 417 421 426 433 459 460 462 464 465 470 475 498 508 511 513 519 523 545 548 567 568 573 577 578 579 584 588 589 591 593 596 598 599 602 612 613 615 619 624 633 634 653 658 670 688 690 694 695 699 702 704 709 713 715 718 719 721 733 739 749 755 766 767 771 780 782 786 799 810 813 814 821 840 841 843 848 849 853 857 863 868 874 879 887 889 892 906 908 910 913 925 929 934 943 944 945 951 960 966 968 969 971 984 987 995 997 1000 1003 1026 1027 1029 1030 1039 1052 1054 1056 1058 1060 1072 1080 1083 1086 1087 1102 1106 1115 1116 1120 1132 1133 1135 1143 1148 1155 1158 1168 1173 1176 1182 1183 1184 1188 1202 1205 1216 1237 1240 1244 1247 1251 1255 1260 1265 1289 1301 1320 1321 1330 1331 1333 1334 1341 1342 1343 1344 1345 1347 1353 1358 1361 1363 1368 1371 1380 1384 1385 1386 1392 1401 1403 1419 1420 1427 1431 1441 1456 1466 1479 1483 1490 1497 1498 1502 1508 1517 1523 1525 1528 1529 1533 1549 1550 1562 1582 1596 1599 1618 1622 1623 1625 1629 1636 1667 1682 1693 1695 1696 1700 1703 1705 1737 1738 1744 1761 1763 1770 1775 1777 1781 1805 1806 1813 1815 1817 1824 1825 1826 1829 1836 1846 1858 1864 1873 1877 1881 1889 1896 1897 1898 1900 1908 1914 1923 1929 1933 1934 1940 1945 1948 1953 1961 1970 1972 1985 1989 1995 1999 2021 2023 2034 2046 2069 2076 2085 2093 2098 2099 2101 2113 2122 2126 2155 2162 2172 2173 2180 2182 2184 2197 2217 2226 2229 2239 2242 2247 2250 2251 2256 2261 2264 2266 2269 2279 2280 2284 2285 2288 2292 2311 2314 2315 2318 2323 2324 2333 2345 2350 2375 2382 2395 2400 2401 2406 2413 2415 2416 2418 2423 2428 2443 2447 2453 2462 2464 2467 2480 2485 2492 2494 2498 2506 2508 2518 2523 2524 2525 2528 2542 2549 2553 2571 2572 2573 2583 2588 2600 2601 2602 2607 2616 2622 2626 2629 2638 2643 2644 2645 2651 2652 2654 2669 2673 2678 2691 2699 2702 2703 2709 2717 2718 2723 2725 2731 2732 2737 2740 2744 2754 2770 2779 2780 2788 2789 2793 2794 2816 2818 2821 2822 2829 2830 2842 2846 2851 2860 2867 2869 2872 2877 2882 2888 2895 2913 2918 2919 2937 2940 2948 2951 2961 2985 2990 2992 2994 2995 2999 
[72384s][BenchMark]第3次测试算例MDG-c_11_n3000_m500
[72397s][INFO]加载文件../Deploy/Instances/MDG-c_11_n3000_m500.txt
[72397s][INFO]矩阵节点数目为:3000  要选的节点数目为:500
[72397s][INFO]随机种子为：1582510569
[78439s][PINCOL_PT]
总迭代步数：1734
[78439s][INFO]检查的目标函数值为：7768
[78439s][INFO]当前的目标函数值为：7768
[78439s][INFO]目标函数值如下：7768
[78439s][INFO]选出的节点如下： 
[78439s][INFO]4 7 13 36 38 39 44 48 51 57 60 61 77 101 103 106 111 117 120 122 127 134 141 142 146 151 154 159 163 165 171 174 177 191 197 198 201 206 210 212 219 227 228 236 241 246 249 253 263 265 276 289 290 307 311 320 323 325 331 333 334 336 346 352 357 358 359 364 374 379 382 392 399 401 405 422 427 437 449 452 453 454 455 456 457 469 474 481 490 519 520 524 532 537 539 542 544 547 548 550 552 560 569 573 582 592 603 614 619 635 639 645 646 656 658 664 665 668 673 691 692 693 695 703 714 729 730 731 733 747 751 761 783 785 793 797 801 809 813 835 837 839 844 848 862 885 887 903 913 917 928 949 954 957 959 965 972 974 975 980 981 990 992 993 1003 1008 1033 1036 1038 1047 1056 1061 1064 1075 1077 1078 1087 1094 1101 1109 1115 1117 1120 1125 1128 1148 1151 1152 1153 1155 1166 1174 1180 1185 1200 1202 1205 1212 1217 1235 1238 1240 1246 1250 1251 1256 1259 1268 1269 1271 1272 1279 1280 1282 1293 1294 1295 1296 1299 1306 1320 1324 1325 1330 1350 1351 1354 1374 1385 1390 1391 1400 1406 1414 1417 1437 1445 1447 1448 1449 1451 1460 1461 1467 1468 1473 1476 1478 1488 1492 1498 1501 1506 1512 1515 1524 1535 1537 1545 1554 1562 1573 1578 1588 1589 1593 1604 1608 1611 1614 1632 1633 1637 1658 1661 1667 1682 1688 1696 1707 1710 1712 1724 1726 1732 1733 1738 1748 1750 1773 1775 1779 1799 1802 1805 1809 1810 1811 1820 1823 1838 1839 1849 1857 1868 1869 1871 1876 1879 1881 1889 1893 1897 1899 1901 1903 1904 1916 1917 1919 1928 1934 1943 1962 1965 1968 1972 1978 1985 1988 1991 1993 1995 2005 2023 2033 2036 2037 2040 2042 2063 2066 2073 2075 2091 2093 2097 2100 2104 2119 2122 2123 2144 2147 2151 2154 2156 2161 2163 2173 2176 2179 2198 2200 2203 2205 2230 2234 2237 2240 2248 2254 2263 2271 2275 2277 2281 2286 2288 2289 2290 2291 2292 2295 2296 2307 2308 2317 2336 2337 2341 2343 2351 2352 2354 2355 2365 2368 2379 2396 2397 2400 2406 2413 2414 2422 2436 2447 2450 2471 2474 2477 2479 2492 2496 2498 2504 2524 2545 2552 2555 2561 2564 2567 2572 2581 2582 2585 2591 2594 2596 2598 2605 2607 2611 2615 2620 2627 2628 2644 2645 2655 2675 2681 2682 2684 2689 2692 2702 2706 2707 2711 2728 2738 2746 2757 2760 2762 2769 2771 2773 2777 2788 2793 2804 2813 2817 2823 2825 2831 2833 2838 2843 2850 2855 2859 2862 2863 2864 2865 2875 2876 2887 2902 2904 2926 2931 2935 2936 2939 2941 2945 2964 2968 2978 2980 2984 2985 2986 2989 
[78439s][BenchMark]第4次测试算例MDG-c_11_n3000_m500
[78453s][INFO]加载文件../Deploy/Instances/MDG-c_11_n3000_m500.txt
[78453s][INFO]矩阵节点数目为:3000  要选的节点数目为:500
[78453s][INFO]随机种子为：1582516625
[84499s][PINCOL_PT]
总迭代步数：1759
[84499s][INFO]检查的目标函数值为：8283
[84499s][INFO]当前的目标函数值为：8283
[84499s][INFO]目标函数值如下：8283
[84499s][INFO]选出的节点如下： 
[84499s][INFO]3 5 6 13 22 31 36 39 49 51 54 55 61 65 74 76 94 110 111 112 119 127 133 136 152 156 161 163 176 187 188 196 208 222 232 234 238 250 251 252 255 259 275 285 287 292 293 295 300 313 319 337 342 346 351 358 359 362 365 370 384 392 401 407 409 413 433 439 440 444 456 457 463 464 474 475 476 477 480 482 494 495 496 497 505 507 516 519 528 533 534 539 543 551 558 561 565 571 574 575 590 594 602 615 618 623 626 642 643 644 647 657 661 667 675 680 683 690 695 722 724 728 739 744 748 752 755 756 759 762 769 774 781 783 785 794 814 831 841 844 853 854 859 860 869 873 874 877 879 883 884 890 891 892 909 917 923 963 982 988 995 998 1003 1004 1013 1018 1025 1029 1031 1032 1036 1037 1048 1054 1076 1082 1083 1093 1096 1106 1114 1115 1136 1141 1143 1144 1145 1146 1155 1164 1167 1172 1182 1188 1211 1214 1218 1219 1226 1229 1231 1235 1241 1256 1267 1270 1272 1277 1281 1282 1287 1297 1301 1307 1309 1313 1314 1315 1332 1352 1361 1362 1363 1366 1367 1380 1383 1384 1393 1401 1405 1412 1418 1426 1431 1433 1438 1443 1445 1451 1454 1462 1463 1464 1465 1471 1487 1490 1496 1499 1500 1501 1504 1510 1525 1534 1536 1537 1544 1547 1551 1564 1567 1568 1576 1580 1584 1586 1592 1614 1616 1618 1621 1622 1625 1632 1633 1645 1652 1653 1654 1662 1678 1703 1704 1761 1774 1781 1784 1790 1792 1801 1804 1809 1826 1831 1836 1838 1841 1842 1850 1864 1866 1868 1885 1903 1906 1909 1924 1926 1950 1952 1953 1954 1973 1979 1981 1983 1997 1999 2014 2031 2033 2035 2036 2039 2042 2046 2047 2073 2079 2080 2081 2085 2098 2104 2105 2106 2114 2117 2121 2132 2135 2140 2156 2167 2172 2174 2182 2206 2207 2210 2214 2222 2229 2240 2247 2252 2256 2258 2264 2265 2266 2268 2273 2276 2279 2280 2283 2284 2285 2289 2293 2299 2302 2306 2309 2316 2317 2325 2327 2344 2376 2390 2392 2396 2418 2425 2429 2437 2454 2456 2458 2465 2467 2471 2473 2477 2491 2498 2501 2502 2512 2515 2522 2530 2532 2534 2537 2539 2541 2545 2555 2556 2560 2564 2567 2569 2571 2583 2585 2598 2599 2600 2601 2610 2611 2615 2619 2620 2624 2625 2628 2629 2631 2642 2646 2656 2659 2661 2663 2667 2668 2671 2678 2680 2683 2684 2688 2691 2709 2711 2715 2718 2735 2747 2753 2763 2776 2778 2785 2786 2788 2791 2797 2801 2802 2804 2807 2808 2813 2837 2841 2842 2847 2855 2859 2864 2866 2871 2873 2875 2883 2890 2893 2900 2901 2907 2911 2919 2920 2949 2959 2961 2966 2969 2970 2975 2982 2991 
[84499s][BenchMark]第5次测试算例MDG-c_11_n3000_m500
[84513s][INFO]加载文件../Deploy/Instances/MDG-c_11_n3000_m500.txt
[84513s][INFO]矩阵节点数目为:3000  要选的节点数目为:500
[84513s][INFO]随机种子为：1582522685
[90615s][PINCOL_PT]
总迭代步数：1734
[90615s][INFO]检查的目标函数值为：8097
[90615s][INFO]当前的目标函数值为：8097
[90615s][INFO]目标函数值如下：8097
[90615s][INFO]选出的节点如下： 
[90615s][INFO]14 22 31 32 33 49 51 67 70 77 84 85 99 100 105 108 110 116 117 125 129 133 138 142 145 148 152 162 165 166 168 170 173 175 186 187 189 212 214 218 222 223 233 236 237 248 253 255 262 271 272 273 281 286 290 312 314 316 318 326 328 332 333 334 338 346 358 367 379 381 388 420 428 435 441 448 449 451 455 458 459 460 466 476 480 481 485 492 501 507 519 528 530 536 537 539 540 542 546 549 552 562 597 600 606 615 616 617 619 625 635 636 643 648 653 667 671 673 682 683 688 689 699 706 708 710 711 714 736 747 752 764 775 786 799 804 824 827 836 843 850 853 860 861 872 879 883 886 913 914 929 937 943 950 951 959 960 966 967 970 992 994 1013 1014 1026 1030 1035 1038 1039 1040 1042 1044 1046 1049 1051 1060 1063 1067 1071 1081 1089 1106 1111 1114 1129 1144 1150 1153 1154 1158 1162 1169 1177 1189 1201 1213 1215 1218 1221 1228 1243 1244 1254 1259 1263 1266 1268 1277 1285 1287 1288 1295 1298 1300 1302 1304 1306 1309 1312 1314 1321 1328 1343 1351 1354 1358 1374 1384 1388 1393 1397 1403 1405 1409 1411 1413 1414 1415 1425 1427 1435 1437 1439 1445 1458 1466 1473 1492 1498 1507 1509 1513 1519 1521 1530 1541 1542 1544 1547 1551 1552 1557 1559 1561 1566 1579 1584 1593 1594 1602 1603 1608 1616 1623 1634 1638 1644 1645 1648 1656 1657 1659 1662 1669 1670 1671 1683 1687 1691 1693 1694 1699 1707 1709 1712 1721 1728 1736 1738 1747 1748 1750 1757 1764 1774 1778 1791 1796 1798 1812 1814 1821 1822 1831 1837 1840 1841 1845 1847 1849 1859 1867 1873 1882 1888 1893 1897 1900 1901 1910 1912 1928 1930 1931 1933 1934 1942 1950 1956 1957 1961 1968 1973 1974 1979 1984 1991 1995 1999 2000 2003 2036 2040 2049 2055 2056 2066 2083 2088 2092 2094 2119 2121 2123 2130 2134 2136 2142 2144 2153 2162 2172 2173 2192 2199 2200 2221 2223 2228 2232 2241 2248 2253 2289 2297 2308 2313 2320 2335 2336 2338 2346 2352 2357 2360 2361 2364 2369 2370 2373 2377 2378 2379 2382 2390 2392 2416 2419 2424 2430 2437 2440 2451 2470 2471 2478 2514 2517 2518 2522 2523 2528 2532 2536 2537 2546 2549 2554 2555 2572 2577 2579 2581 2588 2596 2602 2603 2608 2610 2616 2619 2622 2629 2632 2645 2654 2657 2661 2663 2675 2679 2698 2700 2703 2704 2705 2708 2711 2714 2721 2723 2733 2736 2744 2752 2756 2768 2773 2783 2802 2806 2811 2820 2831 2836 2847 2856 2864 2875 2876 2903 2915 2917 2925 2927 2928 2930 2933 2934 2945 2947 2948 2956 2959 2976 2977 2978 2980 2982 2996 
[90615s][BenchMark]第1次测试算例MDG-c_19_n3000_m600
[90629s][INFO]加载文件../Deploy/Instances/MDG-c_19_n3000_m600.txt
[90629s][INFO]矩阵节点数目为:3000  要选的节点数目为:600
[90629s][INFO]随机种子为：1582528801
[96737s][PINCOL_PT]
总迭代步数：1277
[96737s][INFO]检查的目标函数值为：9856
[96737s][INFO]当前的目标函数值为：9856
[96737s][INFO]目标函数值如下：9856
[96737s][INFO]选出的节点如下： 
[96737s][INFO]5 7 8 10 13 22 26 29 31 34 40 45 46 54 58 59 62 64 67 68 73 76 77 79 80 82 87 88 94 99 102 108 113 117 120 153 154 158 160 161 163 164 186 188 189 192 204 218 228 232 238 244 248 257 262 272 277 280 282 291 293 307 312 314 316 320 326 331 332 341 343 346 352 353 357 365 371 378 380 383 402 419 420 421 434 435 436 438 439 445 448 456 460 461 464 469 477 486 487 498 502 505 515 516 521 534 546 547 548 550 553 558 565 566 572 581 583 587 590 604 606 612 617 618 619 625 632 635 648 659 660 679 681 684 692 695 696 700 701 706 708 711 730 736 737 742 747 755 759 761 763 765 766 771 774 777 781 784 785 791 806 808 819 839 840 854 857 866 871 873 874 877 881 904 908 912 913 914 919 922 923 927 929 932 944 947 950 954 955 961 973 977 998 1003 1020 1021 1025 1030 1034 1035 1040 1046 1048 1050 1051 1057 1060 1067 1077 1078 1081 1095 1096 1098 1114 1115 1116 1119 1120 1124 1128 1136 1145 1147 1152 1156 1158 1162 1163 1165 1174 1177 1192 1200 1202 1205 1211 1215 1217 1218 1229 1235 1236 1239 1243 1244 1245 1257 1264 1273 1277 1285 1287 1288 1292 1294 1297 1298 1300 1301 1308 1311 1314 1315 1319 1321 1322 1333 1334 1335 1339 1342 1344 1352 1363 1369 1378 1385 1387 1391 1395 1396 1398 1399 1400 1401 1407 1409 1410 1412 1413 1423 1426 1427 1433 1436 1437 1439 1449 1451 1459 1468 1473 1477 1482 1484 1486 1495 1499 1501 1503 1513 1518 1519 1527 1532 1537 1541 1543 1548 1549 1551 1555 1556 1558 1565 1567 1572 1575 1585 1587 1593 1595 1600 1619 1621 1623 1628 1630 1634 1636 1639 1648 1656 1660 1662 1666 1679 1685 1691 1695 1696 1704 1706 1710 1726 1727 1730 1736 1738 1750 1751 1752 1767 1772 1781 1782 1788 1789 1792 1795 1797 1798 1803 1809 1811 1817 1825 1833 1835 1836 1839 1840 1845 1848 1853 1857 1858 1861 1876 1890 1894 1902 1903 1915 1922 1937 1945 1951 1952 1955 1957 1961 1965 1967 1972 1974 1976 1978 1991 1992 1993 2010 2017 2021 2022 2031 2033 2037 2038 2039 2042 2043 2062 2067 2069 2071 2076 2087 2093 2101 2102 2106 2115 2122 2130 2131 2140 2143 2150 2156 2158 2165 2180 2184 2186 2189 2200 2204 2207 2210 2211 2215 2220 2225 2235 2237 2242 2250 2262 2269 2273 2275 2284 2290 2297 2299 2302 2307 2310 2314 2319 2320 2323 2327 2336 2337 2344 2348 2354 2356 2358 2362 2363 2369 2373 2380 2385 2386 2400 2402 2405 2415 2418 2420 2424 2430 2431 2441 2443 2452 2460 2463 2473 2476 2477 2481 2485 2502 2514 2515 2516 2520 2527 2535 2536 2547 2549 2552 2556 2562 2567 2574 2578 2580 2583 2588 2592 2606 2607 2612 2624 2625 2632 2635 2637 2643 2647 2649 2655 2656 2663 2666 2667 2668 2675 2684 2686 2687 2692 2696 2698 2701 2704 2709 2723 2724 2726 2729 2738 2739 2750 2755 2762 2767 2775 2784 2790 2795 2800 2802 2811 2817 2831 2836 2843 2848 2853 2855 2858 2866 2869 2872 2888 2907 2911 2916 2917 2927 2934 2940 2945 2950 2953 2956 2966 2968 2971 2988 2995 
[96737s][BenchMark]第2次测试算例MDG-c_19_n3000_m600
[96751s][INFO]加载文件../Deploy/Instances/MDG-c_19_n3000_m600.txt
[96751s][INFO]矩阵节点数目为:3000  要选的节点数目为:600
[96751s][INFO]随机种子为：1582534923
[102889s][PINCOL_PT]
总迭代步数：1309
[102889s][INFO]检查的目标函数值为：9389
[102889s][INFO]当前的目标函数值为：9389
[102889s][INFO]目标函数值如下：9389
[102889s][INFO]选出的节点如下： 
[102889s][INFO]3 4 11 17 36 42 44 48 53 58 71 79 80 82 87 90 91 92 93 101 103 105 110 112 114 115 118 120 121 123 124 131 152 154 163 165 171 204 205 213 215 217 222 223 225 231 236 237 241 243 244 245 251 254 274 283 294 296 300 301 308 315 322 323 324 327 328 333 338 339 344 346 348 349 352 357 365 372 374 375 377 383 384 388 397 401 405 407 412 413 414 427 446 453 455 457 461 464 470 479 484 485 486 487 491 502 504 506 509 511 518 525 528 535 538 541 548 552 556 557 560 562 567 571 574 577 590 603 611 612 620 643 651 662 665 671 674 677 679 682 683 695 700 707 708 709 712 722 725 727 737 738 743 757 763 774 778 804 810 819 820 825 827 832 838 842 848 857 858 859 860 870 876 882 891 909 910 912 914 917 922 925 928 930 931 932 941 946 962 969 975 978 981 987 991 992 993 998 1000 1010 1011 1025 1030 1037 1041 1050 1056 1058 1061 1062 1063 1080 1084 1087 1095 1096 1099 1113 1114 1115 1121 1125 1129 1130 1154 1155 1160 1181 1191 1192 1197 1202 1208 1209 1245 1261 1262 1264 1272 1274 1277 1283 1287 1288 1290 1295 1311 1312 1313 1323 1325 1333 1336 1337 1338 1344 1345 1349 1351 1361 1362 1371 1375 1378 1380 1394 1401 1402 1407 1408 1423 1427 1428 1446 1447 1454 1472 1476 1477 1481 1489 1491 1493 1504 1506 1508 1512 1514 1519 1533 1541 1542 1546 1549 1553 1554 1555 1557 1558 1559 1565 1567 1573 1576 1578 1586 1588 1590 1594 1596 1612 1620 1623 1624 1625 1626 1631 1632 1634 1638 1640 1645 1646 1653 1659 1660 1663 1664 1665 1672 1679 1685 1693 1707 1711 1713 1717 1719 1720 1721 1725 1727 1730 1732 1733 1739 1741 1758 1760 1766 1773 1778 1781 1783 1787 1788 1791 1792 1796 1807 1808 1823 1826 1837 1844 1845 1847 1852 1853 1857 1863 1864 1872 1875 1885 1889 1891 1892 1902 1905 1910 1911 1913 1915 1921 1925 1938 1944 1959 1961 1972 1975 1982 1988 1993 1999 2000 2002 2003 2009 2032 2033 2035 2039 2040 2051 2055 2064 2075 2077 2079 2081 2083 2086 2093 2098 2103 2104 2107 2111 2115 2116 2121 2131 2133 2137 2147 2152 2159 2160 2161 2164 2165 2176 2184 2187 2191 2211 2218 2226 2229 2230 2242 2243 2244 2247 2257 2260 2262 2264 2265 2269 2272 2274 2278 2291 2300 2306 2314 2318 2328 2336 2340 2343 2345 2349 2351 2372 2386 2391 2398 2408 2409 2413 2421 2424 2436 2440 2442 2445 2448 2452 2459 2466 2472 2474 2477 2478 2487 2494 2510 2511 2514 2519 2524 2526 2531 2533 2542 2546 2547 2549 2551 2558 2559 2564 2570 2573 2581 2586 2590 2598 2603 2607 2610 2612 2613 2616 2619 2624 2626 2628 2632 2633 2635 2639 2644 2658 2665 2670 2671 2676 2677 2678 2689 2692 2693 2697 2703 2707 2710 2711 2712 2714 2718 2720 2727 2728 2734 2748 2749 2750 2753 2757 2765 2766 2770 2772 2773 2781 2785 2786 2801 2807 2811 2812 2813 2819 2827 2830 2837 2838 2841 2842 2845 2856 2857 2862 2876 2877 2878 2887 2893 2898 2900 2902 2909 2915 2916 2922 2928 2933 2934 2941 2944 2953 2963 2965 2977 2978 
[102889s][BenchMark]第3次测试算例MDG-c_19_n3000_m600
[102902s][INFO]加载文件../Deploy/Instances/MDG-c_19_n3000_m600.txt
[102902s][INFO]矩阵节点数目为:3000  要选的节点数目为:600
[102902s][INFO]随机种子为：1582541074
[109012s][PINCOL_PT]
总迭代步数：1262
[109012s][INFO]检查的目标函数值为：9490
[109012s][INFO]当前的目标函数值为：9490
[109012s][INFO]目标函数值如下：9490
[109012s][INFO]选出的节点如下： 
[109012s][INFO]13 22 25 28 37 40 46 48 49 53 55 57 69 70 74 76 83 84 87 90 91 94 96 102 103 125 133 142 143 149 151 152 162 163 166 168 171 175 179 182 187 188 189 192 195 196 208 212 213 218 219 221 223 224 238 239 250 251 253 257 262 276 290 292 302 309 311 327 339 341 346 357 361 365 369 370 379 381 382 388 391 394 402 403 408 411 413 420 423 428 429 430 431 435 436 443 446 451 454 456 468 474 476 479 486 491 492 502 514 515 522 524 526 534 540 553 556 565 567 572 588 589 597 600 601 602 609 610 614 615 616 618 627 628 631 635 637 644 648 649 650 656 657 664 672 674 682 691 693 711 712 718 725 732 736 739 741 744 752 753 754 759 765 767 776 781 793 794 797 833 834 835 837 841 845 846 850 852 855 867 869 870 873 878 888 893 898 899 907 908 909 919 921 927 935 937 945 949 951 959 967 971 974 977 980 981 983 986 988 997 998 999 1000 1001 1007 1009 1010 1020 1023 1028 1037 1042 1046 1048 1049 1058 1065 1071 1080 1081 1084 1091 1094 1096 1105 1106 1111 1113 1118 1123 1129 1132 1140 1150 1151 1160 1162 1164 1172 1175 1180 1183 1188 1197 1199 1202 1204 1205 1210 1218 1219 1225 1228 1236 1249 1250 1254 1263 1265 1270 1273 1277 1286 1296 1310 1311 1312 1316 1329 1332 1333 1349 1353 1363 1366 1370 1374 1375 1376 1377 1382 1386 1387 1391 1396 1411 1417 1418 1427 1434 1435 1437 1440 1443 1453 1456 1464 1468 1486 1487 1490 1495 1496 1503 1507 1508 1529 1535 1536 1537 1539 1564 1565 1567 1570 1572 1575 1577 1578 1579 1587 1592 1596 1598 1599 1601 1609 1611 1613 1621 1622 1625 1629 1650 1658 1665 1668 1672 1674 1675 1679 1682 1688 1692 1697 1698 1714 1715 1716 1720 1724 1735 1743 1745 1751 1755 1759 1761 1764 1768 1772 1773 1774 1779 1782 1788 1789 1796 1806 1812 1827 1828 1829 1835 1837 1841 1847 1861 1864 1875 1879 1885 1886 1888 1891 1894 1899 1902 1920 1938 1940 1942 1943 1945 1948 1950 1951 1966 1967 1968 1970 1978 1979 1999 2001 2008 2016 2017 2034 2044 2047 2057 2058 2059 2071 2073 2087 2088 2090 2097 2123 2127 2129 2130 2132 2134 2135 2137 2142 2153 2162 2163 2165 2167 2168 2171 2175 2183 2185 2190 2195 2207 2211 2212 2222 2223 2226 2249 2279 2286 2292 2305 2306 2307 2316 2320 2322 2323 2325 2332 2333 2340 2359 2373 2375 2376 2380 2406 2416 2419 2423 2425 2430 2438 2439 2441 2447 2451 2457 2467 2478 2482 2485 2486 2487 2488 2501 2505 2518 2519 2520 2521 2523 2525 2534 2537 2544 2549 2550 2554 2559 2562 2563 2573 2595 2598 2604 2606 2607 2608 2611 2614 2616 2631 2635 2636 2644 2646 2648 2654 2655 2663 2666 2673 2675 2677 2678 2691 2692 2697 2715 2722 2724 2726 2727 2730 2733 2734 2736 2738 2739 2747 2749 2758 2762 2774 2781 2791 2801 2806 2807 2816 2820 2827 2828 2838 2841 2842 2855 2856 2869 2871 2873 2885 2888 2889 2892 2894 2898 2909 2910 2915 2918 2925 2930 2934 2939 2942 2943 2945 2950 2952 2953 2955 2971 2983 2986 2990 2997 2999 
[109012s][BenchMark]第4次测试算例MDG-c_19_n3000_m600
[109026s][INFO]加载文件../Deploy/Instances/MDG-c_19_n3000_m600.txt
[109026s][INFO]矩阵节点数目为:3000  要选的节点数目为:600
[109026s][INFO]随机种子为：1582547198
[115235s][PINCOL_PT]
总迭代步数：1285
[115235s][INFO]检查的目标函数值为：10079
[115235s][INFO]当前的目标函数值为：10079
[115235s][INFO]目标函数值如下：10079
[115235s][INFO]选出的节点如下： 
[115235s][INFO]3 5 9 12 18 21 23 30 31 32 39 49 51 53 56 67 73 74 76 87 90 100 102 104 106 111 120 133 138 143 152 164 166 171 173 174 177 182 183 184 199 212 216 219 220 221 224 241 242 245 253 256 260 264 291 298 308 324 326 329 331 338 339 351 353 354 355 360 363 366 370 372 375 392 394 398 406 411 412 416 417 418 419 425 426 427 429 441 450 457 464 468 470 478 479 484 489 490 492 500 502 512 513 520 521 522 530 535 556 558 569 577 579 585 598 612 613 614 619 626 633 635 648 653 656 657 660 671 672 674 678 683 686 696 700 710 716 729 732 735 742 746 760 763 767 771 772 775 777 784 802 805 806 814 815 830 833 834 851 857 858 861 865 868 878 879 880 881 885 888 892 898 904 905 923 927 929 930 936 939 958 959 964 984 986 990 993 994 995 998 1003 1011 1018 1023 1025 1037 1040 1042 1046 1048 1058 1061 1081 1084 1085 1089 1091 1097 1109 1124 1129 1130 1134 1141 1166 1170 1172 1185 1199 1211 1215 1217 1220 1231 1236 1238 1239 1246 1249 1251 1255 1259 1266 1268 1277 1281 1283 1285 1286 1287 1298 1301 1304 1313 1323 1331 1335 1339 1352 1354 1356 1359 1362 1365 1377 1382 1389 1397 1400 1404 1415 1416 1439 1442 1443 1453 1455 1458 1459 1461 1465 1468 1480 1483 1484 1488 1489 1495 1497 1505 1529 1533 1539 1540 1541 1542 1550 1552 1564 1572 1577 1581 1602 1607 1624 1625 1632 1636 1638 1643 1647 1648 1649 1651 1655 1657 1659 1660 1666 1672 1679 1694 1699 1701 1702 1705 1707 1709 1712 1713 1714 1715 1719 1723 1725 1729 1736 1747 1750 1753 1754 1756 1760 1763 1770 1775 1778 1779 1784 1791 1797 1798 1805 1808 1813 1814 1815 1816 1823 1828 1830 1843 1844 1845 1846 1849 1854 1861 1862 1866 1879 1880 1884 1885 1887 1888 1891 1897 1905 1906 1913 1917 1919 1925 1929 1934 1938 1945 1947 1948 1956 1961 1962 1965 1967 1972 1974 1976 1977 1988 1993 2010 2013 2015 2022 2024 2035 2038 2058 2060 2061 2067 2074 2084 2089 2090 2105 2115 2117 2123 2128 2129 2131 2132 2145 2147 2148 2165 2167 2168 2179 2186 2197 2201 2205 2207 2215 2221 2230 2242 2245 2248 2249 2264 2267 2273 2275 2277 2278 2299 2303 2304 2307 2315 2321 2325 2329 2332 2334 2338 2351 2352 2368 2381 2386 2387 2389 2391 2394 2403 2407 2411 2416 2419 2424 2427 2430 2438 2445 2450 2455 2458 2459 2461 2463 2464 2465 2467 2470 2471 2472 2476 2480 2487 2500 2502 2504 2508 2511 2514 2516 2519 2527 2532 2533 2543 2547 2551 2553 2554 2557 2558 2561 2562 2565 2566 2568 2569 2571 2575 2578 2589 2591 2593 2595 2597 2598 2606 2621 2626 2627 2629 2630 2631 2634 2643 2646 2650 2652 2656 2658 2661 2663 2668 2671 2673 2674 2681 2684 2687 2689 2690 2695 2699 2700 2719 2727 2730 2733 2757 2763 2764 2774 2784 2785 2787 2793 2794 2802 2803 2805 2819 2821 2830 2831 2837 2841 2844 2849 2850 2856 2857 2862 2867 2872 2877 2885 2886 2889 2894 2900 2904 2908 2912 2916 2919 2930 2944 2947 2948 2949 2953 2955 2960 2968 2981 2983 2988 2991 2998 
[115235s][BenchMark]第5次测试算例MDG-c_19_n3000_m600
[115249s][INFO]加载文件../Deploy/Instances/MDG-c_19_n3000_m600.txt
[115249s][INFO]矩阵节点数目为:3000  要选的节点数目为:600
[115249s][INFO]随机种子为：1582553421
[121379s][PINCOL_PT]
总迭代步数：1287
[121379s][INFO]检查的目标函数值为：9490
[121379s][INFO]当前的目标函数值为：9490
[121379s][INFO]目标函数值如下：9490
[121379s][INFO]选出的节点如下： 
[121379s][INFO]0 3 5 9 11 17 27 30 39 63 68 75 76 77 80 89 91 95 97 98 100 110 117 135 137 147 148 152 153 162 163 173 176 181 185 193 194 198 199 201 215 217 220 222 228 230 236 238 241 243 249 250 254 277 282 286 294 301 302 309 310 311 312 314 319 322 323 326 331 333 341 344 350 357 365 372 376 379 384 386 400 403 407 410 421 423 427 428 433 435 443 445 447 450 451 476 477 480 490 492 495 504 511 520 521 523 528 532 558 567 570 572 575 580 585 590 591 594 600 603 605 606 607 611 613 615 623 625 626 651 659 665 666 670 684 686 688 696 699 701 715 722 725 741 751 757 776 780 789 791 792 796 797 798 800 805 806 808 823 832 838 842 844 847 851 856 860 861 866 869 871 874 880 881 884 896 909 918 924 930 936 944 948 950 954 963 967 968 977 997 1001 1002 1008 1016 1022 1036 1039 1042 1046 1047 1048 1058 1059 1060 1067 1074 1075 1078 1087 1094 1105 1106 1110 1113 1114 1123 1126 1129 1130 1143 1145 1155 1160 1161 1162 1163 1168 1170 1172 1176 1179 1182 1186 1187 1202 1204 1206 1207 1211 1212 1219 1225 1227 1231 1240 1268 1272 1288 1293 1294 1300 1304 1315 1317 1322 1323 1326 1329 1349 1353 1361 1365 1369 1381 1395 1396 1398 1403 1408 1409 1412 1441 1443 1455 1460 1470 1474 1490 1497 1519 1520 1521 1523 1530 1532 1533 1546 1563 1583 1584 1587 1589 1595 1601 1602 1609 1610 1615 1624 1631 1633 1655 1657 1659 1660 1666 1673 1677 1680 1683 1690 1693 1694 1704 1711 1720 1721 1726 1730 1734 1736 1737 1740 1755 1756 1757 1758 1760 1761 1763 1771 1781 1785 1796 1802 1803 1804 1812 1813 1815 1829 1838 1844 1846 1850 1853 1858 1859 1866 1868 1874 1884 1908 1917 1925 1931 1932 1940 1942 1944 1947 1953 1958 1959 1960 1963 1965 1966 1976 1978 1980 1984 1987 1995 1996 2002 2003 2005 2013 2016 2025 2028 2036 2040 2044 2045 2048 2049 2053 2054 2059 2060 2063 2066 2068 2069 2071 2077 2078 2080 2110 2112 2113 2114 2115 2116 2119 2120 2122 2125 2143 2153 2156 2159 2163 2164 2191 2196 2202 2205 2207 2209 2213 2217 2221 2223 2224 2230 2235 2237 2238 2241 2243 2245 2255 2257 2264 2267 2269 2284 2286 2294 2301 2329 2335 2339 2345 2348 2349 2350 2357 2359 2360 2364 2366 2378 2382 2384 2387 2399 2403 2406 2414 2416 2426 2429 2430 2442 2443 2451 2457 2458 2460 2464 2467 2475 2482 2484 2485 2498 2502 2504 2508 2511 2514 2516 2519 2523 2526 2527 2529 2531 2537 2540 2547 2554 2561 2564 2566 2569 2570 2574 2575 2585 2592 2598 2601 2607 2611 2613 2616 2629 2631 2642 2647 2648 2650 2657 2659 2661 2663 2665 2667 2677 2684 2688 2693 2695 2696 2697 2701 2702 2703 2704 2705 2709 2711 2719 2721 2728 2731 2734 2737 2746 2748 2750 2758 2762 2765 2766 2767 2768 2771 2772 2783 2786 2791 2795 2805 2807 2820 2834 2841 2843 2848 2856 2858 2885 2886 2887 2891 2892 2896 2904 2908 2920 2925 2933 2934 2936 2937 2939 2943 2944 2947 2949 2951 2953 2955 2960 2963 2964 2973 2980 2984 2991 2992 2993 2994 2997 
