Total log number:          
[5ms][BenchMark]第1次测试算例01Type1_52.1_n500m200
[925ms][INFO]加载文件../Deploy/Instances/01Type1_52.1_n500m200.txt
[925ms][INFO]矩阵节点数目为:500  要选的节点数目为:200
[926ms][INFO]随机种子为：1582268099
[752s][PINCOL_PT]
总迭代步数：22100
[752s][INFO]检查的目标函数值为：37.73
[752s][INFO]当前的目标函数值为：37.73
[752s][INFO]目标函数值如下：37.73
[752s][INFO]选出的节点如下： 
[752s][INFO]0 2 3 5 6 7 10 12 13 16 17 21 26 28 31 34 37 40 41 42 44 45 47 48 52 53 55 56 63 68 71 72 75 76 78 83 85 89 92 96 103 106 110 112 113 115 116 119 120 121 122 123 126 127 133 135 140 142 144 145 146 149 151 152 154 157 161 163 164 166 167 171 176 177 179 180 182 184 186 187 191 194 195 199 201 202 206 207 209 211 214 218 223 230 231 232 235 242 247 248 249 250 252 254 255 256 257 261 262 266 271 278 279 280 284 286 294 298 299 301 302 303 305 307 308 309 310 312 313 314 315 318 319 321 324 330 331 333 334 340 344 345 346 351 353 356 358 360 366 367 369 370 373 375 377 378 382 386 390 391 392 406 409 410 411 413 415 416 418 423 427 438 440 441 444 446 447 450 452 453 454 455 456 459 461 463 466 467 471 474 482 483 486 488 489 492 495 496 498 499 
[752s][BenchMark]第2次测试算例01Type1_52.1_n500m200
[754s][INFO]加载文件../Deploy/Instances/01Type1_52.1_n500m200.txt
[754s][INFO]矩阵节点数目为:500  要选的节点数目为:200
[754s][INFO]随机种子为：1582268853
[1505s][PINCOL_PT]
总迭代步数：21335
[1505s][INFO]检查的目标函数值为：40.93
[1505s][INFO]当前的目标函数值为：40.93
[1506s][INFO]目标函数值如下：40.93
[1506s][INFO]选出的节点如下： 
[1506s][INFO]8 9 10 11 13 14 15 18 20 24 27 30 31 33 35 37 38 44 45 46 47 48 53 55 57 59 62 64 65 66 68 70 71 74 75 77 78 80 81 85 87 93 94 97 98 99 110 117 119 123 124 128 129 130 136 139 140 142 144 147 150 152 154 158 161 165 166 168 171 173 176 182 186 189 191 192 193 194 198 204 205 209 210 212 215 216 219 221 222 223 224 225 232 235 238 240 243 248 249 250 252 256 257 260 262 265 266 267 269 271 277 279 282 283 284 287 288 294 299 300 306 311 317 320 322 324 325 329 330 331 332 334 336 339 341 348 352 353 356 357 358 362 363 366 372 374 375 379 380 381 382 383 384 385 387 388 392 394 395 396 397 398 399 403 406 409 410 411 413 414 421 424 426 428 433 437 439 440 441 442 444 445 446 447 451 453 460 462 467 473 474 477 481 482 483 484 488 494 495 496 
[1506s][BenchMark]第3次测试算例01Type1_52.1_n500m200
[1507s][INFO]加载文件../Deploy/Instances/01Type1_52.1_n500m200.txt
[1507s][INFO]矩阵节点数目为:500  要选的节点数目为:200
[1507s][INFO]随机种子为：1582269606
[2258s][PINCOL_PT]
总迭代步数：21266
[2258s][INFO]检查的目标函数值为：36.96
[2258s][INFO]当前的目标函数值为：36.96
[2258s][INFO]目标函数值如下：36.96
[2258s][INFO]选出的节点如下： 
[2258s][INFO]0 2 8 9 13 15 16 17 18 21 26 28 31 35 38 40 41 42 44 48 50 52 53 56 58 59 60 61 66 68 71 72 78 81 83 84 85 86 90 91 92 93 97 98 99 111 116 118 119 120 122 123 124 125 127 128 129 132 135 136 138 141 143 149 150 152 153 155 157 161 163 167 169 171 172 173 175 177 180 183 185 186 188 192 193 199 201 203 204 206 209 210 211 212 213 218 220 222 223 224 227 230 232 238 240 244 248 249 250 252 253 255 257 261 267 268 270 271 275 276 277 279 282 284 288 289 294 297 298 300 307 308 310 312 314 315 317 319 320 322 325 327 331 334 338 344 345 346 349 351 353 357 359 360 364 366 369 370 371 372 375 379 380 381 384 390 391 395 397 401 412 414 415 418 419 422 424 425 429 430 431 432 435 438 442 445 446 453 464 465 473 476 482 484 486 487 488 492 496 498 
[2258s][BenchMark]第4次测试算例01Type1_52.1_n500m200
[2260s][INFO]加载文件../Deploy/Instances/01Type1_52.1_n500m200.txt
[2260s][INFO]矩阵节点数目为:500  要选的节点数目为:200
[2260s][INFO]随机种子为：1582270359
[3012s][PINCOL_PT]
总迭代步数：24150
[3012s][INFO]检查的目标函数值为：38.06
[3012s][INFO]当前的目标函数值为：38.06
[3012s][INFO]目标函数值如下：38.06
[3012s][INFO]选出的节点如下： 
[3012s][INFO]1 3 6 7 8 9 11 12 14 17 19 21 23 24 26 29 30 31 32 33 34 35 38 40 45 48 51 53 56 58 61 63 68 72 75 80 81 83 85 87 88 91 94 97 98 99 100 101 103 106 108 109 113 114 117 120 122 126 134 138 139 140 141 143 146 147 155 162 163 166 169 171 172 173 174 178 185 186 187 188 190 194 195 198 199 201 203 204 206 213 217 218 223 224 228 229 230 233 240 241 246 247 249 251 252 257 260 263 264 266 268 270 273 276 279 280 283 285 291 293 294 297 298 300 301 304 305 307 308 309 315 317 318 319 320 322 323 324 326 328 330 331 334 335 337 338 340 341 342 344 345 355 357 358 359 361 368 369 370 372 373 375 386 388 390 391 395 403 404 409 411 418 420 424 425 426 428 431 432 440 441 443 444 447 448 453 454 457 462 463 465 469 475 476 482 483 491 496 498 499 
[3012s][BenchMark]第1次测试算例09Type1_52.9_n500m200
[3013s][INFO]加载文件../Deploy/Instances/09Type1_52.9_n500m200.txt
[3013s][INFO]矩阵节点数目为:500  要选的节点数目为:200
[3013s][INFO]随机种子为：1582271112
[3765s][PINCOL_PT]
总迭代步数：25107
[3765s][INFO]检查的目标函数值为：43.57
[3765s][INFO]当前的目标函数值为：43.57
[3765s][INFO]目标函数值如下：43.57
[3765s][INFO]选出的节点如下： 
[3765s][INFO]1 12 13 15 18 19 24 25 26 27 35 38 39 43 48 49 51 52 53 54 59 62 65 67 68 74 75 78 84 85 86 87 88 91 95 97 98 99 101 103 104 105 107 108 110 111 115 116 117 119 120 123 124 126 130 131 136 137 139 141 142 144 153 155 159 165 166 170 173 174 176 177 178 180 182 184 187 188 192 194 195 197 199 200 202 203 208 212 214 215 218 220 222 223 224 226 227 234 235 237 239 242 245 248 249 253 256 257 258 259 260 267 269 270 271 272 273 274 279 280 281 285 286 287 290 292 295 297 299 304 306 308 309 310 313 314 316 318 319 323 327 329 332 334 341 345 350 359 365 366 368 370 375 376 377 384 385 396 397 398 402 403 404 407 408 412 414 417 418 421 422 423 427 429 430 431 432 434 440 441 446 448 455 460 461 466 470 473 474 475 476 478 481 482 484 487 489 493 494 498 
[3765s][BenchMark]第2次测试算例09Type1_52.9_n500m200
[3766s][INFO]加载文件../Deploy/Instances/09Type1_52.9_n500m200.txt
[3766s][INFO]矩阵节点数目为:500  要选的节点数目为:200
[3766s][INFO]随机种子为：1582271865
[4517s][PINCOL_PT]
总迭代步数：25327
[4517s][INFO]检查的目标函数值为：37.05
[4517s][INFO]当前的目标函数值为：37.05
[4517s][INFO]目标函数值如下：37.05
[4517s][INFO]选出的节点如下： 
[4517s][INFO]5 6 11 13 15 16 19 21 22 24 25 27 29 30 33 34 39 44 45 46 54 56 58 59 60 62 63 64 67 68 69 71 73 78 79 87 89 95 96 99 102 105 108 111 112 115 117 118 122 124 125 126 127 131 132 134 139 142 143 144 158 166 170 174 184 188 191 192 195 196 197 201 202 203 204 205 207 209 210 211 213 214 216 217 218 219 220 222 227 236 239 241 242 246 252 253 254 256 257 260 263 266 269 271 272 284 286 288 289 297 298 299 301 306 308 310 312 313 316 319 320 321 324 326 328 329 332 336 337 338 340 341 342 344 350 351 357 358 359 365 374 375 376 378 381 382 387 397 401 402 403 407 409 411 412 417 418 419 420 423 424 428 429 431 434 436 439 440 443 444 446 448 450 451 452 453 458 459 460 462 465 467 469 470 475 476 477 478 479 480 482 484 486 487 488 489 491 493 494 499 
[4517s][BenchMark]第3次测试算例09Type1_52.9_n500m200
[4518s][INFO]加载文件../Deploy/Instances/09Type1_52.9_n500m200.txt
[4518s][INFO]矩阵节点数目为:500  要选的节点数目为:200
[4518s][INFO]随机种子为：1582272617
[5270s][PINCOL_PT]
总迭代步数：25217
[5270s][INFO]检查的目标函数值为：38.49
[5270s][INFO]当前的目标函数值为：38.49
[5270s][INFO]目标函数值如下：38.49
[5270s][INFO]选出的节点如下： 
[5270s][INFO]5 7 10 11 15 19 20 25 27 29 30 36 41 42 45 46 50 52 54 57 59 64 67 68 71 76 77 85 89 90 91 95 96 98 100 103 106 108 109 112 115 117 120 122 123 124 125 127 130 131 132 133 137 138 139 141 153 154 156 158 160 161 164 165 168 176 178 180 181 184 186 188 190 192 193 194 197 199 200 203 204 205 212 214 216 217 220 225 226 227 228 230 238 239 241 242 243 245 247 256 257 259 260 268 270 273 274 276 279 280 284 285 286 292 293 296 297 298 305 306 308 309 313 315 316 317 319 324 331 335 336 337 341 345 346 351 352 356 358 359 361 363 365 366 370 372 374 382 384 386 388 389 390 392 398 399 402 404 406 411 412 419 421 423 424 426 427 428 430 435 438 439 442 446 447 450 452 453 454 458 459 462 465 467 469 470 471 476 478 479 481 482 483 484 487 488 489 490 495 499 
[5270s][BenchMark]第4次测试算例09Type1_52.9_n500m200
[5271s][INFO]加载文件../Deploy/Instances/09Type1_52.9_n500m200.txt
[5271s][INFO]矩阵节点数目为:500  要选的节点数目为:200
[5271s][INFO]随机种子为：1582273370
[6023s][PINCOL_PT]
总迭代步数：25186
[6023s][INFO]检查的目标函数值为：41.31
[6023s][INFO]当前的目标函数值为：41.31
[6023s][INFO]目标函数值如下：41.31
[6023s][INFO]选出的节点如下： 
[6023s][INFO]1 2 5 6 10 11 12 13 14 16 19 21 22 26 29 33 38 39 43 45 46 47 50 54 57 59 62 64 66 67 69 73 79 81 83 87 91 93 98 100 107 110 111 115 117 119 120 122 127 131 132 133 139 140 142 143 146 147 148 149 151 153 156 158 161 162 163 164 165 166 168 170 174 182 183 184 185 187 189 192 194 195 197 198 199 203 204 206 208 215 216 217 219 223 224 225 228 229 230 234 235 238 239 243 246 259 260 261 264 270 272 273 275 276 277 279 280 281 284 287 288 294 298 300 301 304 308 309 316 318 325 328 329 332 336 337 338 339 342 343 344 345 350 353 354 356 360 362 363 364 370 373 377 378 379 381 384 385 387 390 392 393 399 400 404 405 412 415 417 421 429 435 440 442 443 445 447 448 452 453 456 461 463 468 469 473 474 475 476 477 478 479 482 483 484 487 489 490 495 499 
[6023s][BenchMark]第1次测试算例15Type1_52.15_n500m200
[6024s][INFO]加载文件../Deploy/Instances/15Type1_52.15_n500m200.txt
[6024s][INFO]矩阵节点数目为:500  要选的节点数目为:200
[6024s][INFO]随机种子为：1582274123
[6775s][PINCOL_PT]
总迭代步数：23559
[6775s][INFO]检查的目标函数值为：37.07
[6775s][INFO]当前的目标函数值为：37.07
[6775s][INFO]目标函数值如下：37.07
[6775s][INFO]选出的节点如下： 
[6775s][INFO]2 5 12 15 16 19 20 24 28 29 32 34 36 43 45 48 51 53 57 62 63 64 65 67 68 69 70 71 74 76 78 79 81 83 84 87 94 95 96 98 99 101 105 106 107 109 114 118 119 122 123 125 126 127 129 132 133 134 135 138 141 144 145 147 148 149 150 151 152 155 156 159 162 167 168 174 177 178 181 188 189 190 194 196 202 203 208 210 214 216 220 224 226 228 230 233 241 242 244 246 247 249 251 254 255 256 260 265 266 269 273 274 277 280 282 284 286 288 291 295 297 298 304 311 315 317 318 322 323 325 326 329 330 339 341 345 346 347 348 350 352 358 360 361 363 374 377 378 380 381 382 383 385 388 393 394 404 405 406 408 411 413 415 416 417 418 420 426 427 429 431 432 434 436 437 438 442 444 445 449 450 451 455 457 461 468 469 471 472 475 477 478 479 481 489 491 494 495 496 499 
[6776s][BenchMark]第2次测试算例15Type1_52.15_n500m200
[6777s][INFO]加载文件../Deploy/Instances/15Type1_52.15_n500m200.txt
[6777s][INFO]矩阵节点数目为:500  要选的节点数目为:200
[6777s][INFO]随机种子为：1582274876
[7528s][PINCOL_PT]
总迭代步数：23529
[7528s][INFO]检查的目标函数值为：40.86
[7528s][INFO]当前的目标函数值为：40.86
[7528s][INFO]目标函数值如下：40.86
[7528s][INFO]选出的节点如下： 
[7528s][INFO]0 1 2 3 7 8 9 11 13 15 16 17 19 25 26 28 29 30 32 35 36 38 39 44 46 50 51 53 62 63 64 66 68 71 72 73 79 81 82 83 85 88 91 94 96 97 100 102 106 107 108 109 110 112 114 120 124 128 133 134 135 142 143 144 146 147 148 152 154 156 158 159 162 164 165 167 170 173 174 175 177 180 181 182 195 196 199 202 210 215 220 221 222 223 224 226 228 232 235 241 242 244 246 248 249 251 252 253 254 255 260 262 263 265 266 268 272 274 275 280 281 282 283 290 293 303 305 306 307 309 311 312 314 315 317 327 328 329 337 340 341 342 343 347 348 350 351 353 356 358 361 364 370 373 378 382 384 387 388 390 393 399 402 404 409 410 412 413 415 419 422 425 426 429 436 438 439 446 449 451 455 457 458 460 461 463 464 468 470 472 473 474 476 477 481 483 486 489 493 499 
[7528s][BenchMark]第3次测试算例15Type1_52.15_n500m200
[7529s][INFO]加载文件../Deploy/Instances/15Type1_52.15_n500m200.txt
[7529s][INFO]矩阵节点数目为:500  要选的节点数目为:200
[7529s][INFO]随机种子为：1582275628
[8281s][PINCOL_PT]
总迭代步数：23529
[8281s][INFO]检查的目标函数值为：37.66
[8281s][INFO]当前的目标函数值为：37.66
[8281s][INFO]目标函数值如下：37.66
[8281s][INFO]选出的节点如下： 
[8281s][INFO]1 2 3 6 7 11 15 18 20 21 29 30 32 36 37 40 44 47 49 50 51 56 60 61 62 63 66 69 70 71 72 73 76 77 78 86 87 88 89 90 94 96 100 101 102 104 106 107 109 116 117 118 120 126 127 128 132 133 135 136 137 138 140 141 142 146 148 149 150 152 153 154 160 161 162 165 168 170 171 174 182 185 188 192 194 195 198 206 208 210 211 212 215 216 218 224 226 230 232 236 238 240 245 247 250 253 260 261 263 264 265 267 269 273 275 278 281 282 284 286 288 289 290 292 296 297 300 304 306 314 316 317 321 324 327 332 333 334 335 338 339 340 342 345 346 347 350 354 359 362 364 369 370 375 380 381 386 387 391 394 401 402 404 408 411 414 416 418 420 421 425 430 433 435 436 437 440 443 444 447 450 456 458 461 463 465 468 474 475 478 479 483 484 486 489 490 491 495 496 498 
[8281s][BenchMark]第4次测试算例15Type1_52.15_n500m200
[8282s][INFO]加载文件../Deploy/Instances/15Type1_52.15_n500m200.txt
[8282s][INFO]矩阵节点数目为:500  要选的节点数目为:200
[8282s][INFO]随机种子为：1582276381
[9033s][PINCOL_PT]
总迭代步数：25909
[9285s][INFO]检查的目标函数值为：38.13
[9285s][INFO]当前的目标函数值为：38.13
[9285s][INFO]目标函数值如下：38.13
[9285s][INFO]选出的节点如下： 
[9285s][INFO]0 2 3 4 9 11 13 15 17 19 20 23 24 29 32 33 34 38 41 42 43 46 50 51 52 53 54 62 63 64 67 69 72 73 79 82 89 95 96 99 102 105 106 107 108 112 113 114 116 118 119 120 126 127 128 136 138 140 142 143 144 146 148 150 152 156 162 168 169 170 177 181 184 185 187 189 195 196 198 199 203 205 208 209 212 213 214 215 217 218 219 224 225 226 228 233 234 239 241 242 244 246 249 250 252 254 256 259 260 261 262 265 268 269 272 273 274 277 278 280 282 287 288 293 295 298 299 306 316 321 322 323 324 325 335 337 338 339 341 342 345 346 351 352 355 357 358 364 365 367 370 373 374 375 377 378 379 380 381 389 392 394 400 402 406 408 410 412 413 416 417 418 420 423 425 431 433 434 445 450 453 456 458 461 462 464 468 470 471 474 478 479 486 488 489 493 494 495 498 499 
[9285s][BenchMark]第1次测试算例MDG-a_7_n500_m50
[9286s][INFO]加载文件../Deploy/Instances/MDG-a_7_n500_m50.txt
[9287s][INFO]矩阵节点数目为:500  要选的节点数目为:50
[9287s][INFO]随机种子为：1582277385
[10037s][PINCOL_PT]
总迭代步数：248947
[10037s][INFO]检查的目标函数值为：10.85
[10037s][INFO]当前的目标函数值为：10.85
[10037s][INFO]目标函数值如下：10.85
[10037s][INFO]选出的节点如下： 
[10037s][INFO]0 11 21 41 43 46 57 68 69 71 76 98 100 113 131 140 141 153 159 190 210 213 215 224 229 232 233 237 240 270 293 307 314 330 336 338 341 344 361 367 380 418 421 422 439 457 465 475 485 486 
[10038s][BenchMark]第2次测试算例MDG-a_7_n500_m50
[10038s][INFO]加载文件../Deploy/Instances/MDG-a_7_n500_m50.txt
[10038s][INFO]矩阵节点数目为:500  要选的节点数目为:50
[10038s][INFO]随机种子为：1582278137
[10792s][PINCOL_PT]
总迭代步数：227387
[10792s][INFO]检查的目标函数值为：11.66
[10792s][INFO]当前的目标函数值为：11.66
[10792s][INFO]目标函数值如下：11.66
[10792s][INFO]选出的节点如下： 
[10792s][INFO]5 26 47 60 63 64 81 83 85 87 92 105 107 119 135 151 153 167 171 180 185 208 217 218 220 224 226 256 273 274 290 307 309 310 328 341 347 351 354 365 367 378 408 423 431 440 444 459 473 492 
[10792s][BenchMark]第3次测试算例MDG-a_7_n500_m50
[10792s][INFO]加载文件../Deploy/Instances/MDG-a_7_n500_m50.txt
[10792s][INFO]矩阵节点数目为:500  要选的节点数目为:50
[10792s][INFO]随机种子为：1582278891
[11543s][PINCOL_PT]
总迭代步数：230979
[11543s][INFO]检查的目标函数值为：11.41
[11543s][INFO]当前的目标函数值为：11.41
[11543s][INFO]目标函数值如下：11.41
[11543s][INFO]选出的节点如下： 
[11543s][INFO]1 5 15 22 26 27 37 39 45 53 61 72 89 117 121 127 139 144 169 178 199 223 228 254 263 301 311 316 323 329 331 343 352 353 356 357 372 388 389 402 409 424 429 431 436 441 457 474 476 481 
[11543s][BenchMark]第4次测试算例MDG-a_7_n500_m50
[11544s][INFO]加载文件../Deploy/Instances/MDG-a_7_n500_m50.txt
[11544s][INFO]矩阵节点数目为:500  要选的节点数目为:50
[11544s][INFO]随机种子为：1582279643
[12295s][PINCOL_PT]
总迭代步数：229443
[12295s][INFO]检查的目标函数值为：11.66
[12295s][INFO]当前的目标函数值为：11.66
[12295s][INFO]目标函数值如下：11.66
[12295s][INFO]选出的节点如下： 
[12295s][INFO]13 37 47 52 80 82 83 87 99 106 111 128 133 142 171 175 180 187 217 253 263 317 318 320 322 323 328 330 346 349 367 372 376 384 391 405 419 420 429 432 433 441 451 459 461 476 484 489 493 498 
[12295s][BenchMark]第1次测试算例MDG-a_18_n500_m50
[12296s][INFO]加载文件../Deploy/Instances/MDG-a_18_n500_m50.txt
[12296s][INFO]矩阵节点数目为:500  要选的节点数目为:50
[12296s][INFO]随机种子为：1582280394
[13046s][PINCOL_PT]
总迭代步数：230625
[13046s][INFO]检查的目标函数值为：10.87
[13046s][INFO]当前的目标函数值为：10.87
[13046s][INFO]目标函数值如下：10.87
[13046s][INFO]选出的节点如下： 
[13046s][INFO]4 7 17 25 33 49 52 53 63 69 74 80 93 99 106 121 131 138 139 148 161 164 171 172 173 179 180 182 193 205 212 225 228 229 252 266 281 294 322 327 347 353 373 399 416 433 434 457 458 460 
[13047s][BenchMark]第2次测试算例MDG-a_18_n500_m50
[13047s][INFO]加载文件../Deploy/Instances/MDG-a_18_n500_m50.txt
[13047s][INFO]矩阵节点数目为:500  要选的节点数目为:50
[13047s][INFO]随机种子为：1582281146
[13798s][PINCOL_PT]
总迭代步数：227966
[13798s][INFO]检查的目标函数值为：11.71
[13798s][INFO]当前的目标函数值为：11.71
[13798s][INFO]目标函数值如下：11.71
[13798s][INFO]选出的节点如下： 
[13798s][INFO]4 5 7 8 12 49 52 54 59 60 71 74 77 83 89 97 104 116 119 121 123 139 150 160 175 180 211 212 231 243 268 272 275 301 310 313 322 326 329 331 334 338 372 415 417 432 437 452 482 492 
[13798s][BenchMark]第3次测试算例MDG-a_18_n500_m50
[13799s][INFO]加载文件../Deploy/Instances/MDG-a_18_n500_m50.txt
[13799s][INFO]矩阵节点数目为:500  要选的节点数目为:50
[13799s][INFO]随机种子为：1582281898
[14550s][PINCOL_PT]
总迭代步数：225541
[14550s][INFO]检查的目标函数值为：10.02
[14550s][INFO]当前的目标函数值为：10.02
[14550s][INFO]目标函数值如下：10.02
[14550s][INFO]选出的节点如下： 
[14550s][INFO]5 34 38 43 53 59 71 75 90 91 93 100 101 116 122 134 135 136 143 150 153 160 180 184 196 215 263 271 275 291 294 295 301 340 341 346 360 370 375 385 388 401 410 412 415 430 440 448 473 478 
[14550s][BenchMark]第4次测试算例MDG-a_18_n500_m50
[14550s][INFO]加载文件../Deploy/Instances/MDG-a_18_n500_m50.txt
[14550s][INFO]矩阵节点数目为:500  要选的节点数目为:50
[14550s][INFO]随机种子为：1582282649
[15301s][PINCOL_PT]
总迭代步数：227041
[15301s][INFO]检查的目标函数值为：11.37
[15301s][INFO]当前的目标函数值为：11.37
[15301s][INFO]目标函数值如下：11.37
[15301s][INFO]选出的节点如下： 
[15301s][INFO]4 39 41 43 66 70 88 94 97 135 143 146 154 157 163 181 198 202 231 240 263 275 290 295 301 308 312 323 325 327 335 352 356 358 373 377 378 382 383 390 393 411 421 422 441 457 471 472 487 489 
[15301s][BenchMark]第1次测试算例MDG-a_25_n2000_m200
[15314s][INFO]加载文件../Deploy/Instances/MDG-a_25_n2000_m200.txt
[15314s][INFO]矩阵节点数目为:2000  要选的节点数目为:200
[15314s][INFO]随机种子为：1582283413
[18327s][PINCOL_PT]
总迭代步数：8753
[18327s][INFO]检查的目标函数值为：41
[18327s][INFO]当前的目标函数值为：41
[18327s][INFO]目标函数值如下：41
[18327s][INFO]选出的节点如下： 
[18327s][INFO]3 57 65 80 97 110 114 120 129 152 155 170 179 190 205 215 246 260 262 268 280 287 296 312 315 323 324 339 355 377 389 412 437 460 464 470 472 502 512 519 534 548 569 571 586 590 597 603 605 607 610 626 646 660 718 725 731 735 748 761 812 813 828 842 846 852 861 871 882 894 896 897 898 910 968 985 992 994 1025 1030 1046 1051 1072 1096 1099 1101 1103 1117 1120 1137 1141 1145 1163 1183 1187 1214 1230 1254 1266 1268 1280 1292 1301 1315 1324 1340 1345 1350 1373 1374 1381 1391 1409 1420 1431 1436 1440 1448 1466 1473 1486 1491 1494 1525 1532 1541 1546 1549 1550 1551 1554 1572 1573 1574 1585 1590 1593 1597 1598 1599 1601 1606 1615 1618 1623 1637 1639 1675 1678 1689 1696 1707 1712 1721 1722 1728 1736 1738 1747 1763 1768 1769 1773 1774 1782 1804 1810 1811 1812 1815 1820 1832 1834 1835 1852 1853 1856 1858 1859 1869 1894 1895 1912 1915 1931 1932 1934 1935 1941 1943 1948 1951 1953 1965 1967 1968 1975 1983 1987 1998 
[18327s][BenchMark]第2次测试算例MDG-a_25_n2000_m200
[18335s][INFO]加载文件../Deploy/Instances/MDG-a_25_n2000_m200.txt
[18335s][INFO]矩阵节点数目为:2000  要选的节点数目为:200
[18335s][INFO]随机种子为：1582286434
