Total log number:420       
[6ms][BenchMark]第1次测试算例MDG-a_24_n2000_m200
[5117ms][INFO]加载文件../Deploy/Instances/MDG-a_24_n2000_m200.txt
[5118ms][INFO]矩阵节点数目为:2000  要选的节点数目为:200
[5119ms][INFO]随机种子为：1582506076
[4014s][PINCOL_PT]
总迭代步数：16034
[4014s][INFO]检查的目标函数值为：36
[4014s][INFO]当前的目标函数值为：36
[4014s][INFO]目标函数值如下：36
[4014s][INFO]选出的节点如下： 
[4014s][INFO]48 61 67 71 141 142 143 161 167 203 216 280 285 323 336 339 348 352 367 370 377 378 389 392 394 429 453 455 468 484 494 532 565 584 600 610 615 644 675 678 691 711 714 717 742 752 756 784 786 809 812 831 845 853 860 862 867 880 884 923 938 951 953 956 962 976 980 1014 1026 1033 1050 1051 1054 1055 1077 1079 1084 1086 1094 1095 1099 1105 1109 1123 1124 1126 1134 1139 1147 1148 1158 1165 1167 1169 1174 1176 1183 1194 1196 1201 1208 1235 1246 1261 1265 1275 1286 1290 1308 1310 1313 1315 1340 1347 1356 1357 1360 1368 1376 1391 1392 1411 1414 1428 1429 1439 1442 1454 1458 1464 1476 1480 1483 1484 1497 1500 1509 1510 1511 1520 1523 1531 1535 1554 1568 1578 1579 1581 1591 1617 1621 1631 1632 1635 1644 1645 1659 1660 1663 1670 1676 1677 1682 1696 1697 1720 1742 1746 1748 1752 1753 1761 1773 1776 1778 1795 1802 1804 1814 1815 1816 1822 1828 1829 1830 1848 1862 1865 1877 1878 1901 1920 1927 1932 1947 1959 1973 1981 1983 1984 
[4014s][BenchMark]第2次测试算例MDG-a_24_n2000_m200
[4019s][INFO]加载文件../Deploy/Instances/MDG-a_24_n2000_m200.txt
[4019s][INFO]矩阵节点数目为:2000  要选的节点数目为:200
[4019s][INFO]随机种子为：1582510090
[8026s][PINCOL_PT]
总迭代步数：14016
[8026s][INFO]检查的目标函数值为：37
[8026s][INFO]当前的目标函数值为：37
[8026s][INFO]目标函数值如下：37
[8026s][INFO]选出的节点如下： 
[8026s][INFO]27 34 78 84 113 114 144 162 168 198 227 245 265 298 336 340 348 354 381 382 384 394 402 407 410 428 452 459 473 483 498 503 507 512 521 522 534 539 540 553 559 566 580 585 596 627 643 649 663 696 703 708 715 719 734 758 766 768 785 789 793 798 833 841 842 846 860 893 894 902 919 930 948 958 990 1000 1001 1012 1017 1030 1035 1040 1046 1050 1055 1060 1069 1083 1092 1098 1110 1114 1116 1122 1174 1176 1184 1187 1206 1231 1241 1249 1251 1277 1290 1294 1299 1313 1323 1325 1328 1335 1340 1353 1372 1377 1378 1380 1397 1400 1404 1413 1427 1429 1441 1449 1450 1452 1454 1457 1460 1482 1485 1489 1497 1500 1514 1518 1529 1537 1549 1557 1560 1579 1583 1597 1600 1601 1602 1613 1620 1631 1633 1635 1638 1645 1648 1654 1659 1676 1678 1683 1688 1689 1701 1702 1735 1740 1743 1747 1754 1773 1784 1792 1805 1809 1814 1816 1818 1819 1824 1834 1841 1843 1855 1862 1863 1889 1890 1900 1918 1931 1937 1954 1964 1978 1985 1996 1997 1999 
[8027s][BenchMark]第3次测试算例MDG-a_24_n2000_m200
[8032s][INFO]加载文件../Deploy/Instances/MDG-a_24_n2000_m200.txt
[8032s][INFO]矩阵节点数目为:2000  要选的节点数目为:200
[8032s][INFO]随机种子为：1582514103
[12038s][PINCOL_PT]
总迭代步数：14000
[12038s][INFO]检查的目标函数值为：37
[12038s][INFO]当前的目标函数值为：37
[12038s][INFO]目标函数值如下：37
[12038s][INFO]选出的节点如下： 
[12038s][INFO]108 110 117 161 169 176 223 241 257 265 279 280 289 304 362 363 364 390 422 434 436 444 447 454 464 476 485 487 491 502 533 537 551 588 608 611 612 617 622 636 639 651 671 680 683 685 695 698 700 702 709 710 714 720 724 733 738 741 747 753 756 759 764 802 822 842 856 858 859 869 877 878 882 909 917 922 923 929 931 954 974 977 980 982 991 992 994 1017 1041 1047 1056 1057 1058 1097 1111 1119 1131 1149 1154 1180 1183 1195 1201 1206 1208 1215 1227 1242 1248 1261 1274 1277 1287 1296 1298 1301 1309 1324 1334 1336 1338 1342 1346 1350 1351 1357 1364 1382 1387 1400 1403 1410 1421 1423 1426 1436 1442 1443 1449 1461 1469 1485 1504 1505 1510 1513 1520 1526 1534 1550 1554 1555 1560 1564 1565 1567 1594 1601 1603 1616 1617 1626 1665 1673 1679 1686 1688 1704 1726 1731 1737 1746 1752 1774 1793 1796 1801 1804 1827 1828 1836 1850 1862 1863 1877 1882 1885 1895 1901 1910 1919 1924 1933 1943 1948 1951 1955 1957 1990 1993 
[12038s][BenchMark]第4次测试算例MDG-a_24_n2000_m200
[12043s][INFO]加载文件../Deploy/Instances/MDG-a_24_n2000_m200.txt
[12043s][INFO]矩阵节点数目为:2000  要选的节点数目为:200
[12043s][INFO]随机种子为：1582518114
[16047s][PINCOL_PT]
总迭代步数：14728
[16047s][INFO]检查的目标函数值为：35
[16047s][INFO]当前的目标函数值为：35
[16047s][INFO]目标函数值如下：35
[16047s][INFO]选出的节点如下： 
[16047s][INFO]10 28 51 62 103 121 132 133 142 156 170 179 199 221 236 243 249 250 272 280 282 300 321 326 333 340 352 359 386 396 423 427 431 485 487 495 574 603 604 611 642 647 666 669 678 698 710 715 731 740 754 771 779 786 787 794 814 824 835 842 845 855 857 861 869 872 879 902 910 915 916 921 928 936 937 944 951 961 984 1001 1018 1021 1037 1052 1063 1069 1077 1093 1098 1107 1120 1131 1136 1148 1156 1178 1190 1205 1219 1223 1227 1230 1237 1241 1243 1252 1253 1279 1303 1318 1320 1333 1343 1355 1356 1361 1363 1369 1382 1396 1404 1442 1462 1474 1476 1485 1505 1506 1509 1515 1526 1537 1549 1552 1554 1566 1583 1585 1592 1599 1606 1608 1611 1612 1613 1639 1640 1641 1643 1646 1648 1649 1654 1658 1659 1660 1670 1671 1677 1679 1684 1710 1723 1725 1735 1737 1748 1759 1762 1773 1774 1794 1797 1800 1803 1804 1814 1816 1818 1822 1826 1839 1841 1855 1865 1867 1878 1879 1881 1882 1926 1930 1940 1941 1942 1962 1974 1977 1980 1987 
[16047s][BenchMark]第5次测试算例MDG-a_24_n2000_m200
[16053s][INFO]加载文件../Deploy/Instances/MDG-a_24_n2000_m200.txt
[16053s][INFO]矩阵节点数目为:2000  要选的节点数目为:200
[16053s][INFO]随机种子为：1582522124
[20062s][PINCOL_PT]
总迭代步数：14612
[20062s][INFO]检查的目标函数值为：39
[20062s][INFO]当前的目标函数值为：39
[20062s][INFO]目标函数值如下：39
[20062s][INFO]选出的节点如下： 
[20062s][INFO]13 55 82 90 97 101 125 135 152 155 175 191 207 212 221 225 232 233 234 256 265 266 296 300 301 340 368 371 379 385 396 410 418 434 460 477 479 482 487 506 516 549 554 557 560 583 603 604 621 634 642 646 662 674 676 678 703 708 733 738 740 742 747 765 766 767 769 788 789 792 809 816 822 833 847 863 872 916 926 930 949 960 962 969 977 984 989 990 1003 1020 1032 1033 1034 1053 1055 1061 1063 1068 1134 1139 1154 1158 1165 1166 1181 1209 1239 1247 1252 1260 1262 1263 1264 1271 1272 1282 1285 1291 1297 1301 1335 1336 1343 1364 1368 1382 1405 1407 1420 1423 1441 1442 1447 1454 1456 1458 1483 1490 1494 1496 1497 1505 1509 1512 1515 1519 1523 1525 1533 1542 1546 1556 1565 1567 1575 1584 1587 1590 1608 1614 1629 1630 1644 1649 1650 1668 1672 1679 1694 1726 1735 1755 1756 1770 1784 1800 1803 1809 1820 1834 1835 1838 1840 1847 1848 1862 1873 1887 1889 1892 1894 1904 1915 1916 1942 1949 1950 1981 1984 1988 
[20062s][BenchMark]第1次测试算例MDG-a_32_n2000_m200
[20068s][INFO]加载文件../Deploy/Instances/MDG-a_32_n2000_m200.txt
[20068s][INFO]矩阵节点数目为:2000  要选的节点数目为:200
[20068s][INFO]随机种子为：1582526139
[24075s][PINCOL_PT]
总迭代步数：14305
[24075s][INFO]检查的目标函数值为：36
[24075s][INFO]当前的目标函数值为：36
[24075s][INFO]目标函数值如下：36
[24075s][INFO]选出的节点如下： 
[24075s][INFO]5 36 37 59 85 86 90 135 149 169 188 197 222 228 252 255 274 276 281 282 287 299 319 336 365 369 401 402 404 407 411 432 441 444 456 461 482 483 508 516 586 589 599 637 642 650 660 664 685 687 694 735 737 764 784 787 795 811 828 835 840 844 849 862 865 896 903 910 911 918 921 930 931 932 945 955 967 982 996 1021 1022 1033 1055 1056 1060 1064 1066 1076 1080 1107 1123 1128 1130 1135 1153 1164 1177 1190 1196 1211 1214 1226 1237 1238 1250 1252 1257 1259 1260 1277 1282 1292 1303 1333 1342 1381 1386 1388 1399 1427 1441 1454 1473 1480 1485 1491 1499 1502 1503 1505 1507 1510 1511 1525 1528 1533 1535 1543 1556 1557 1558 1569 1611 1627 1628 1638 1642 1651 1652 1655 1670 1691 1695 1700 1701 1710 1715 1716 1720 1728 1732 1764 1770 1786 1796 1798 1803 1807 1808 1820 1832 1834 1835 1836 1853 1858 1867 1871 1876 1880 1881 1886 1911 1914 1917 1927 1934 1936 1956 1957 1959 1962 1966 1972 1979 1980 1984 1988 1992 1999 
[24075s][BenchMark]第2次测试算例MDG-a_32_n2000_m200
[24080s][INFO]加载文件../Deploy/Instances/MDG-a_32_n2000_m200.txt
[24080s][INFO]矩阵节点数目为:2000  要选的节点数目为:200
[24080s][INFO]随机种子为：1582530151
[28083s][PINCOL_PT]
总迭代步数：15475
[28083s][INFO]检查的目标函数值为：38
[28083s][INFO]当前的目标函数值为：38
[28083s][INFO]目标函数值如下：38
[28083s][INFO]选出的节点如下： 
[28083s][INFO]53 57 80 88 89 101 121 124 132 143 145 154 196 216 220 228 237 271 295 297 320 335 355 366 384 386 410 453 458 460 464 507 520 534 542 575 577 582 588 601 620 627 634 648 669 670 689 716 721 736 739 754 770 773 797 800 803 828 836 839 889 897 915 916 942 961 978 984 988 1001 1005 1006 1020 1026 1033 1072 1091 1112 1125 1151 1157 1158 1174 1176 1177 1184 1198 1199 1203 1206 1209 1227 1246 1257 1264 1273 1276 1281 1284 1288 1289 1290 1293 1302 1311 1312 1328 1336 1337 1355 1361 1365 1366 1376 1386 1411 1418 1426 1433 1440 1444 1448 1455 1459 1464 1497 1505 1508 1509 1523 1529 1530 1549 1550 1556 1567 1581 1587 1599 1601 1607 1623 1630 1637 1640 1641 1642 1643 1647 1650 1654 1660 1662 1664 1671 1681 1686 1695 1699 1705 1709 1711 1712 1719 1721 1740 1756 1761 1769 1784 1785 1788 1791 1802 1819 1826 1835 1836 1839 1841 1843 1847 1848 1856 1869 1871 1880 1891 1898 1904 1914 1919 1939 1951 1961 1965 1973 1980 1987 1989 
[28083s][BenchMark]第3次测试算例MDG-a_32_n2000_m200
[28088s][INFO]加载文件../Deploy/Instances/MDG-a_32_n2000_m200.txt
[28088s][INFO]矩阵节点数目为:2000  要选的节点数目为:200
[28088s][INFO]随机种子为：1582534160
[32094s][PINCOL_PT]
总迭代步数：14386
[32094s][INFO]检查的目标函数值为：38
[32094s][INFO]当前的目标函数值为：38
[32094s][INFO]目标函数值如下：38
[32094s][INFO]选出的节点如下： 
[32094s][INFO]19 25 38 76 79 86 118 137 138 149 153 195 199 205 212 226 229 248 254 273 275 283 296 297 298 299 303 317 321 328 331 333 334 335 355 378 382 384 387 404 407 411 469 487 489 494 508 511 530 533 547 550 569 570 580 583 613 626 648 650 653 655 660 664 665 668 672 679 692 693 702 708 731 735 747 759 762 777 785 832 844 848 859 905 936 937 945 950 952 985 1005 1006 1024 1027 1028 1038 1049 1050 1055 1089 1090 1092 1097 1107 1115 1119 1123 1127 1136 1161 1174 1184 1187 1198 1202 1226 1244 1247 1262 1273 1286 1292 1313 1328 1344 1358 1367 1378 1386 1389 1423 1431 1432 1440 1450 1454 1462 1485 1494 1501 1502 1503 1510 1511 1519 1524 1555 1562 1567 1573 1574 1593 1594 1614 1634 1650 1674 1688 1691 1717 1723 1728 1747 1766 1772 1780 1802 1816 1817 1822 1832 1836 1841 1843 1846 1847 1863 1865 1866 1881 1883 1889 1895 1907 1909 1912 1918 1920 1928 1942 1943 1949 1950 1951 1957 1965 1974 1987 1991 1999 
[32094s][BenchMark]第4次测试算例MDG-a_32_n2000_m200
[32099s][INFO]加载文件../Deploy/Instances/MDG-a_32_n2000_m200.txt
[32099s][INFO]矩阵节点数目为:2000  要选的节点数目为:200
[32099s][INFO]随机种子为：1582538170
[36102s][PINCOL_PT]
总迭代步数：16476
[36102s][INFO]检查的目标函数值为：39
[36102s][INFO]当前的目标函数值为：39
[36102s][INFO]目标函数值如下：39
[36102s][INFO]选出的节点如下： 
[36102s][INFO]14 30 32 39 73 113 137 153 171 199 214 265 266 301 303 304 312 324 336 355 360 384 392 403 411 424 425 459 488 494 502 507 522 528 531 559 573 578 588 601 602 625 627 630 642 671 680 682 697 705 711 739 746 749 776 778 790 795 797 805 810 813 817 823 841 851 855 870 878 883 902 904 908 914 917 921 937 952 962 965 997 1004 1011 1034 1045 1052 1057 1063 1066 1067 1100 1108 1113 1132 1136 1139 1153 1178 1186 1208 1220 1242 1249 1252 1266 1276 1277 1296 1298 1313 1318 1321 1331 1347 1350 1352 1359 1369 1373 1377 1378 1385 1389 1390 1391 1392 1393 1408 1422 1425 1430 1445 1455 1461 1467 1470 1477 1502 1507 1520 1534 1536 1539 1548 1561 1562 1566 1567 1569 1575 1592 1594 1621 1632 1639 1650 1656 1672 1673 1685 1687 1700 1705 1706 1708 1711 1715 1727 1730 1731 1732 1735 1754 1770 1773 1790 1799 1818 1850 1860 1872 1876 1896 1906 1908 1916 1921 1926 1930 1933 1937 1941 1942 1951 1957 1965 1975 1976 1983 1987 
[36102s][BenchMark]第5次测试算例MDG-a_32_n2000_m200
[36107s][INFO]加载文件../Deploy/Instances/MDG-a_32_n2000_m200.txt
[36107s][INFO]矩阵节点数目为:2000  要选的节点数目为:200
[36107s][INFO]随机种子为：1582542178
[40115s][PINCOL_PT]
总迭代步数：14638
[40115s][INFO]检查的目标函数值为：36
[40115s][INFO]当前的目标函数值为：36
[40115s][INFO]目标函数值如下：36
[40115s][INFO]选出的节点如下： 
[40115s][INFO]8 16 79 102 107 110 111 128 130 136 167 183 191 192 198 204 211 270 283 285 302 303 318 325 330 363 377 387 421 430 436 444 473 496 499 502 524 546 549 550 606 614 634 636 641 653 656 665 689 692 717 734 745 769 770 774 786 820 829 840 843 869 872 879 880 883 891 892 915 921 927 929 953 960 974 993 1017 1027 1032 1048 1054 1059 1067 1076 1081 1083 1098 1100 1101 1102 1111 1121 1128 1134 1139 1151 1158 1162 1164 1181 1203 1216 1220 1242 1255 1256 1258 1261 1270 1276 1278 1286 1329 1352 1356 1371 1374 1401 1403 1404 1407 1410 1419 1432 1433 1440 1442 1447 1448 1454 1455 1456 1459 1481 1518 1523 1524 1526 1537 1540 1543 1558 1559 1564 1571 1598 1604 1607 1613 1622 1630 1642 1644 1647 1649 1654 1665 1666 1667 1669 1673 1678 1681 1739 1742 1746 1753 1763 1775 1783 1800 1812 1816 1826 1827 1838 1852 1855 1857 1864 1867 1879 1880 1882 1885 1887 1894 1913 1928 1939 1944 1952 1958 1968 1973 1977 1978 1986 1989 1997 
[40116s][BenchMark]第1次测试算例MDG-a_35_n2000_m200
[40121s][INFO]加载文件../Deploy/Instances/MDG-a_35_n2000_m200.txt
[40121s][INFO]矩阵节点数目为:2000  要选的节点数目为:200
[40121s][INFO]随机种子为：1582546193
[44131s][PINCOL_PT]
总迭代步数：13675
[44131s][INFO]检查的目标函数值为：37
[44131s][INFO]当前的目标函数值为：37
[44131s][INFO]目标函数值如下：37
[44131s][INFO]选出的节点如下： 
[44131s][INFO]17 31 34 38 46 71 74 106 116 121 124 127 162 179 202 214 231 242 263 280 284 285 323 324 338 340 355 398 408 420 434 437 453 456 458 472 479 485 490 498 512 515 543 552 567 568 574 592 593 594 601 605 614 630 652 668 670 674 681 686 712 725 730 731 732 733 747 754 757 763 769 778 790 808 839 845 848 868 876 879 890 908 911 914 934 935 941 953 963 964 982 984 1001 1022 1023 1026 1029 1035 1039 1043 1047 1048 1055 1056 1073 1082 1099 1109 1117 1122 1130 1131 1157 1167 1176 1185 1192 1198 1222 1229 1236 1246 1254 1259 1271 1274 1275 1284 1287 1304 1326 1330 1332 1333 1336 1338 1368 1386 1400 1404 1407 1408 1467 1468 1479 1484 1493 1503 1510 1513 1522 1531 1551 1562 1567 1574 1579 1588 1610 1612 1628 1630 1632 1640 1653 1664 1680 1683 1691 1699 1706 1708 1731 1737 1742 1743 1746 1748 1769 1794 1796 1810 1813 1863 1868 1880 1886 1899 1901 1922 1938 1939 1940 1942 1955 1959 1969 1971 1973 1974 
[44131s][BenchMark]第2次测试算例MDG-a_35_n2000_m200
[44137s][INFO]加载文件../Deploy/Instances/MDG-a_35_n2000_m200.txt
[44137s][INFO]矩阵节点数目为:2000  要选的节点数目为:200
[44137s][INFO]随机种子为：1582550208
[48145s][PINCOL_PT]
总迭代步数：14728
[48145s][INFO]检查的目标函数值为：38
[48145s][INFO]当前的目标函数值为：38
[48145s][INFO]目标函数值如下：38
[48145s][INFO]选出的节点如下： 
[48145s][INFO]12 18 34 59 60 78 79 96 120 178 181 182 198 253 259 273 280 287 300 303 398 422 430 440 459 463 487 496 498 537 539 556 557 564 567 590 598 602 610 629 632 633 638 653 659 662 678 689 705 711 717 724 729 732 739 758 762 768 769 774 776 783 790 791 794 799 813 814 823 834 841 867 869 881 886 888 896 897 920 929 942 962 964 1001 1005 1011 1017 1027 1041 1048 1055 1056 1066 1067 1068 1082 1085 1112 1115 1119 1122 1129 1137 1138 1143 1155 1159 1187 1192 1217 1218 1230 1237 1239 1240 1241 1244 1285 1288 1306 1311 1317 1323 1340 1344 1350 1360 1381 1383 1399 1412 1429 1450 1453 1461 1464 1485 1529 1534 1540 1542 1548 1570 1571 1575 1582 1587 1590 1593 1605 1625 1626 1633 1656 1679 1681 1689 1694 1702 1713 1715 1725 1732 1736 1737 1768 1775 1780 1785 1793 1796 1797 1829 1838 1851 1859 1867 1868 1876 1880 1889 1893 1896 1898 1901 1904 1910 1911 1915 1916 1936 1946 1956 1957 1958 1966 1970 1978 1985 1999 
[48145s][BenchMark]第3次测试算例MDG-a_35_n2000_m200
[48150s][INFO]加载文件../Deploy/Instances/MDG-a_35_n2000_m200.txt
[48150s][INFO]矩阵节点数目为:2000  要选的节点数目为:200
[48150s][INFO]随机种子为：1582554222
[52161s][PINCOL_PT]
总迭代步数：14270
[52161s][INFO]检查的目标函数值为：37
[52161s][INFO]当前的目标函数值为：37
[52161s][INFO]目标函数值如下：37
[52161s][INFO]选出的节点如下： 
[52161s][INFO]51 79 80 88 89 99 127 137 139 161 162 167 176 189 195 219 228 229 230 239 254 304 319 320 322 349 350 355 360 385 400 401 431 469 477 490 491 521 530 540 567 589 594 597 601 602 607 614 621 623 635 658 663 671 675 676 685 686 687 693 701 727 729 734 736 741 755 763 767 779 805 811 813 818 822 830 836 851 858 859 878 890 911 921 928 950 985 986 1006 1007 1057 1072 1089 1093 1095 1108 1116 1131 1141 1144 1145 1154 1160 1161 1194 1205 1217 1218 1226 1248 1256 1277 1281 1283 1292 1299 1306 1310 1314 1316 1326 1327 1333 1334 1341 1343 1352 1373 1374 1377 1386 1391 1404 1407 1425 1436 1444 1462 1482 1485 1486 1501 1504 1522 1537 1549 1551 1553 1554 1567 1586 1600 1611 1616 1634 1638 1652 1670 1672 1678 1685 1694 1701 1717 1728 1750 1752 1753 1757 1761 1773 1774 1777 1786 1791 1800 1815 1824 1826 1841 1852 1859 1862 1870 1873 1876 1881 1897 1899 1900 1905 1911 1919 1923 1927 1950 1957 1966 1984 1993 
[52161s][BenchMark]第4次测试算例MDG-a_35_n2000_m200
[52166s][INFO]加载文件../Deploy/Instances/MDG-a_35_n2000_m200.txt
[52166s][INFO]矩阵节点数目为:2000  要选的节点数目为:200
[52166s][INFO]随机种子为：1582558237
[56167s][PINCOL_PT]
总迭代步数：23783
[56167s][INFO]检查的目标函数值为：39
[56167s][INFO]当前的目标函数值为：39
[56167s][INFO]目标函数值如下：39
[56167s][INFO]选出的节点如下： 
[56167s][INFO]1 32 37 47 64 80 90 91 149 198 215 220 226 228 232 240 246 257 283 297 321 336 337 341 355 370 379 384 395 407 411 432 447 455 478 491 497 504 515 520 527 542 561 563 579 582 586 587 588 592 600 619 624 627 630 633 652 672 677 687 693 695 707 714 722 733 745 759 764 773 806 808 809 816 819 820 821 838 839 859 864 872 888 912 914 922 930 939 957 962 964 967 968 978 998 1005 1012 1029 1039 1046 1049 1058 1067 1095 1100 1138 1177 1192 1209 1210 1216 1223 1230 1234 1238 1251 1276 1277 1288 1293 1297 1299 1303 1325 1341 1350 1353 1354 1361 1363 1371 1395 1396 1400 1423 1427 1441 1451 1462 1466 1469 1473 1494 1497 1503 1504 1514 1517 1533 1536 1543 1549 1552 1595 1598 1609 1618 1637 1643 1679 1700 1702 1703 1706 1724 1728 1731 1732 1738 1752 1753 1756 1760 1765 1778 1790 1792 1795 1804 1810 1811 1817 1823 1828 1869 1888 1894 1899 1905 1909 1919 1921 1922 1929 1943 1946 1956 1978 1983 1999 
[56167s][BenchMark]第5次测试算例MDG-a_35_n2000_m200
[56172s][INFO]加载文件../Deploy/Instances/MDG-a_35_n2000_m200.txt
[56172s][INFO]矩阵节点数目为:2000  要选的节点数目为:200
[56172s][INFO]随机种子为：1582562243
[60173s][PINCOL_PT]
总迭代步数：27349
[60173s][INFO]检查的目标函数值为：37
[60173s][INFO]当前的目标函数值为：37
[60173s][INFO]目标函数值如下：37
[60173s][INFO]选出的节点如下： 
[60173s][INFO]30 42 64 92 107 121 129 153 172 226 257 263 280 309 339 341 343 366 369 370 390 407 411 419 425 447 450 451 453 455 488 494 495 502 516 534 563 566 588 590 597 599 601 605 615 620 624 635 646 656 680 681 684 685 687 689 722 743 745 752 759 763 772 776 777 780 803 814 847 857 864 880 891 893 894 938 947 953 956 972 974 983 987 999 1010 1013 1021 1031 1054 1082 1083 1088 1110 1121 1125 1129 1130 1137 1145 1146 1153 1167 1173 1175 1192 1210 1248 1254 1255 1268 1274 1279 1281 1285 1287 1294 1297 1326 1327 1329 1337 1376 1381 1382 1426 1430 1431 1432 1439 1441 1457 1464 1465 1470 1474 1489 1500 1501 1506 1507 1514 1519 1528 1536 1564 1573 1575 1591 1603 1604 1606 1612 1617 1627 1630 1650 1658 1676 1677 1680 1681 1685 1689 1702 1711 1714 1715 1725 1732 1734 1745 1749 1750 1753 1768 1781 1802 1803 1815 1823 1828 1833 1834 1840 1849 1860 1862 1869 1881 1891 1894 1903 1913 1921 1924 1940 1950 1954 1979 1994 
[60173s][BenchMark]第1次测试算例MDG-b_5_n500_m50
[60173s][INFO]加载文件../Deploy/Instances/MDG-b_5_n500_m50.txt
[60173s][INFO]矩阵节点数目为:500  要选的节点数目为:50
[60173s][INFO]随机种子为：1582566245
[60920s][PINCOL_PT]邻域解都在禁忌中；当前iter：427812
[60920s][PINCOL_PT]
总迭代步数：427812
[60920s][INFO]检查的目标函数值为：1104.26
[60920s][INFO]当前的目标函数值为：1104.26
[60920s][INFO]目标函数值如下：1104.26
[60920s][INFO]选出的节点如下： 
[60920s][INFO]0 10 22 24 30 35 37 43 52 55 69 83 99 111 115 118 127 128 130 146 150 158 178 201 207 223 228 243 248 268 275 304 312 313 315 324 331 344 352 366 367 379 402 427 445 457 467 495 496 497 
[60920s][BenchMark]第2次测试算例MDG-b_5_n500_m50
[60920s][INFO]加载文件../Deploy/Instances/MDG-b_5_n500_m50.txt
[60920s][INFO]矩阵节点数目为:500  要选的节点数目为:50
[60920s][INFO]随机种子为：1582566991
[61440s][PINCOL_PT]邻域解都在禁忌中；当前iter：304947
[61440s][PINCOL_PT]
总迭代步数：304947
[61440s][INFO]检查的目标函数值为：1100.98
[61440s][INFO]当前的目标函数值为：1100.98
[61440s][INFO]目标函数值如下：1100.98
[61440s][INFO]选出的节点如下： 
[61440s][INFO]20 22 30 32 38 62 68 72 83 84 87 89 100 107 112 116 118 121 134 136 197 215 227 261 314 315 323 335 336 341 348 349 351 359 360 371 376 382 386 388 393 402 419 424 435 444 456 457 466 494 
[61440s][BenchMark]第3次测试算例MDG-b_5_n500_m50
[61440s][INFO]加载文件../Deploy/Instances/MDG-b_5_n500_m50.txt
[61440s][INFO]矩阵节点数目为:500  要选的节点数目为:50
[61440s][INFO]随机种子为：1582567511
[61926s][PINCOL_PT]邻域解都在禁忌中；当前iter：270609
[61926s][PINCOL_PT]
总迭代步数：270609
[61926s][INFO]检查的目标函数值为：1088.98
[61926s][INFO]当前的目标函数值为：1088.98
[61926s][INFO]目标函数值如下：1088.98
[61926s][INFO]选出的节点如下： 
[61926s][INFO]0 10 34 55 84 102 128 134 135 137 141 145 156 158 160 161 169 172 179 187 190 204 206 207 230 246 255 274 295 302 310 314 319 348 353 361 368 373 384 390 394 396 401 426 450 473 474 483 484 487 
[61926s][BenchMark]第4次测试算例MDG-b_5_n500_m50
[61927s][INFO]加载文件../Deploy/Instances/MDG-b_5_n500_m50.txt
[61927s][INFO]矩阵节点数目为:500  要选的节点数目为:50
[61927s][INFO]随机种子为：1582567998
[62511s][PINCOL_PT]邻域解都在禁忌中；当前iter：337935
[62511s][PINCOL_PT]
总迭代步数：337935
[62511s][INFO]检查的目标函数值为：1101.39
[62511s][INFO]当前的目标函数值为：1101.39
[62511s][INFO]目标函数值如下：1101.39
[62511s][INFO]选出的节点如下： 
[62511s][INFO]8 13 35 44 56 57 58 69 87 94 96 115 124 125 129 139 145 148 161 163 171 175 180 194 195 198 207 216 244 255 258 259 265 271 274 276 286 290 321 324 343 371 388 393 394 416 433 452 462 485 
[62511s][BenchMark]第5次测试算例MDG-b_5_n500_m50
[62512s][INFO]加载文件../Deploy/Instances/MDG-b_5_n500_m50.txt
[62512s][INFO]矩阵节点数目为:500  要选的节点数目为:50
[62512s][INFO]随机种子为：1582568583
[63128s][PINCOL_PT]邻域解都在禁忌中；当前iter：335410
[63128s][PINCOL_PT]
总迭代步数：335410
[63128s][INFO]检查的目标函数值为：1093.8
[63128s][INFO]当前的目标函数值为：1093.8
[63128s][INFO]目标函数值如下：1093.8
[63128s][INFO]选出的节点如下： 
[63128s][INFO]2 8 12 14 17 18 49 52 53 79 81 89 110 112 126 137 138 142 167 172 196 210 218 227 229 235 247 253 275 277 287 289 308 314 316 322 339 368 385 400 408 413 431 436 439 443 451 465 477 478 
[63128s][BenchMark]第1次测试算例MDG-b_11_n500_m50
[63129s][INFO]加载文件../Deploy/Instances/MDG-b_11_n500_m50.txt
[63129s][INFO]矩阵节点数目为:500  要选的节点数目为:50
[63129s][INFO]随机种子为：1582569200
[63753s][PINCOL_PT]邻域解都在禁忌中；当前iter：356188
[63753s][PINCOL_PT]
总迭代步数：356188
[63753s][INFO]检查的目标函数值为：1083.21
[63753s][INFO]当前的目标函数值为：1083.21
[63753s][INFO]目标函数值如下：1083.21
[63753s][INFO]选出的节点如下： 
[63753s][INFO]22 27 41 42 43 51 57 60 67 93 96 113 123 126 133 134 174 188 190 206 209 218 223 255 265 266 278 289 308 311 312 315 323 331 341 342 361 366 391 412 413 423 425 436 447 459 466 477 488 489 
[63754s][BenchMark]第2次测试算例MDG-b_11_n500_m50
[63754s][INFO]加载文件../Deploy/Instances/MDG-b_11_n500_m50.txt
[63754s][INFO]矩阵节点数目为:500  要选的节点数目为:50
[63754s][INFO]随机种子为：1582569825
[64177s][PINCOL_PT]邻域解都在禁忌中；当前iter：251380
[64177s][PINCOL_PT]
总迭代步数：251380
[64177s][INFO]检查的目标函数值为：1158.26
[64177s][INFO]当前的目标函数值为：1158.26
[64177s][INFO]目标函数值如下：1158.26
[64177s][INFO]选出的节点如下： 
[64177s][INFO]15 18 58 69 75 98 104 115 118 130 141 144 149 158 164 169 175 194 204 227 236 245 251 265 266 269 270 276 297 322 324 329 336 350 352 375 376 385 390 405 419 420 422 436 456 468 471 474 475 477 
[64177s][BenchMark]第3次测试算例MDG-b_11_n500_m50
[64178s][INFO]加载文件../Deploy/Instances/MDG-b_11_n500_m50.txt
[64178s][INFO]矩阵节点数目为:500  要选的节点数目为:50
[64178s][INFO]随机种子为：1582570249
[64667s][PINCOL_PT]邻域解都在禁忌中；当前iter：274764
[64667s][PINCOL_PT]
总迭代步数：274764
[64667s][INFO]检查的目标函数值为：1140.16
[64667s][INFO]当前的目标函数值为：1140.16
[64667s][INFO]目标函数值如下：1140.16
[64667s][INFO]选出的节点如下： 
[64667s][INFO]0 2 5 9 24 30 68 73 80 82 90 119 125 133 141 147 150 160 162 177 185 196 205 215 217 230 242 249 251 255 257 261 265 283 299 319 320 341 364 370 374 392 394 406 415 427 436 438 450 456 
[64668s][BenchMark]第4次测试算例MDG-b_11_n500_m50
[64668s][INFO]加载文件../Deploy/Instances/MDG-b_11_n500_m50.txt
[64668s][INFO]矩阵节点数目为:500  要选的节点数目为:50
[64668s][INFO]随机种子为：1582570739
[65261s][PINCOL_PT]邻域解都在禁忌中；当前iter：344932
[65261s][PINCOL_PT]
总迭代步数：344932
[65261s][INFO]检查的目标函数值为：1147.36
[65261s][INFO]当前的目标函数值为：1147.36
[65261s][INFO]目标函数值如下：1147.36
[65261s][INFO]选出的节点如下： 
[65261s][INFO]5 7 21 45 51 70 79 105 111 116 138 142 150 160 175 187 216 220 221 222 233 234 246 252 267 287 288 291 293 298 316 324 332 350 356 358 362 373 374 379 385 392 393 405 409 419 430 466 470 471 
[65261s][BenchMark]第5次测试算例MDG-b_11_n500_m50
[65261s][INFO]加载文件../Deploy/Instances/MDG-b_11_n500_m50.txt
[65261s][INFO]矩阵节点数目为:500  要选的节点数目为:50
[65261s][INFO]随机种子为：1582571333
[66195s][PINCOL_PT]邻域解都在禁忌中；当前iter：549171
[66195s][PINCOL_PT]
总迭代步数：549171
[66195s][INFO]检查的目标函数值为：1131.51
[66195s][INFO]当前的目标函数值为：1131.51
[66195s][INFO]目标函数值如下：1131.51
[66195s][INFO]选出的节点如下： 
[66195s][INFO]6 18 32 35 36 72 78 81 93 94 95 98 110 111 114 115 117 122 143 148 150 157 164 167 178 206 223 226 250 256 260 264 316 346 349 357 359 367 371 389 413 418 426 460 466 468 475 482 497 498 
[66195s][BenchMark]第1次测试算例MDG-b_14_n500_m50
[66196s][INFO]加载文件../Deploy/Instances/MDG-b_14_n500_m50.txt
[66196s][INFO]矩阵节点数目为:500  要选的节点数目为:50
[66196s][INFO]随机种子为：1582572267
[66797s][PINCOL_PT]邻域解都在禁忌中；当前iter：353299
[66797s][PINCOL_PT]
总迭代步数：353299
[66797s][INFO]检查的目标函数值为：1119.51
[66797s][INFO]当前的目标函数值为：1119.51
[66797s][INFO]目标函数值如下：1119.51
[66797s][INFO]选出的节点如下： 
[66797s][INFO]2 7 18 31 37 53 55 57 65 79 132 145 152 156 191 196 207 229 235 249 288 289 290 295 305 334 342 343 353 360 371 374 376 383 384 391 394 404 405 420 428 443 447 455 466 469 474 480 484 494 
[66797s][BenchMark]第2次测试算例MDG-b_14_n500_m50
[66797s][INFO]加载文件../Deploy/Instances/MDG-b_14_n500_m50.txt
[66797s][INFO]矩阵节点数目为:500  要选的节点数目为:50
[66797s][INFO]随机种子为：1582572869
[67292s][PINCOL_PT]邻域解都在禁忌中；当前iter：273779
[67292s][PINCOL_PT]
总迭代步数：273779
[67292s][INFO]检查的目标函数值为：1157.85
[67292s][INFO]当前的目标函数值为：1157.85
[67292s][INFO]目标函数值如下：1157.85
[67292s][INFO]选出的节点如下： 
[67292s][INFO]1 4 10 23 29 32 36 50 61 70 92 94 106 112 125 130 152 162 166 170 180 199 206 208 212 216 217 258 262 264 289 295 311 314 317 332 337 348 354 383 404 415 423 449 469 485 491 495 496 499 
[67292s][BenchMark]第3次测试算例MDG-b_14_n500_m50
[67293s][INFO]加载文件../Deploy/Instances/MDG-b_14_n500_m50.txt
[67293s][INFO]矩阵节点数目为:500  要选的节点数目为:50
[67293s][INFO]随机种子为：1582573364
[67786s][PINCOL_PT]邻域解都在禁忌中；当前iter：285548
[67786s][PINCOL_PT]
总迭代步数：285548
[67786s][INFO]检查的目标函数值为：1150.56
[67786s][INFO]当前的目标函数值为：1150.56
[67786s][INFO]目标函数值如下：1150.56
[67786s][INFO]选出的节点如下： 
[67786s][INFO]4 5 15 42 48 51 57 64 71 82 83 98 118 140 169 183 190 197 201 203 221 261 269 277 287 295 301 318 321 331 336 340 341 349 389 395 401 404 417 436 447 450 454 462 463 468 481 482 484 487 
[67786s][BenchMark]第4次测试算例MDG-b_14_n500_m50
[67786s][INFO]加载文件../Deploy/Instances/MDG-b_14_n500_m50.txt
[67786s][INFO]矩阵节点数目为:500  要选的节点数目为:50
[67786s][INFO]随机种子为：1582573857
[68188s][PINCOL_PT]邻域解都在禁忌中；当前iter：239061
[68188s][PINCOL_PT]
总迭代步数：239061
[68188s][INFO]检查的目标函数值为：1062.75
[68188s][INFO]当前的目标函数值为：1062.75
[68188s][INFO]目标函数值如下：1062.75
[68188s][INFO]选出的节点如下： 
[68188s][INFO]14 30 39 43 44 55 74 96 98 105 146 148 150 152 156 157 160 180 188 199 201 206 212 216 236 248 250 255 265 278 284 294 325 334 336 341 364 367 374 375 380 396 415 422 434 450 457 461 482 487 
[68188s][BenchMark]第5次测试算例MDG-b_14_n500_m50
[68189s][INFO]加载文件../Deploy/Instances/MDG-b_14_n500_m50.txt
[68189s][INFO]矩阵节点数目为:500  要选的节点数目为:50
[68189s][INFO]随机种子为：1582574260
[68666s][PINCOL_PT]邻域解都在禁忌中；当前iter：273995
[68666s][PINCOL_PT]
总迭代步数：273995
[68666s][INFO]检查的目标函数值为：1170.46
[68666s][INFO]当前的目标函数值为：1170.46
[68666s][INFO]目标函数值如下：1170.46
[68666s][INFO]选出的节点如下： 
[68666s][INFO]0 1 4 21 22 49 62 65 69 73 104 120 127 131 156 210 213 221 225 240 247 248 251 254 264 265 268 295 298 300 311 320 338 354 359 367 369 370 378 382 397 421 435 439 445 463 468 470 476 484 
[68666s][BenchMark]第1次测试算例MDG-b_15_n500_m50
[68666s][INFO]加载文件../Deploy/Instances/MDG-b_15_n500_m50.txt
[68666s][INFO]矩阵节点数目为:500  要选的节点数目为:50
[68666s][INFO]随机种子为：1582574737
[69149s][PINCOL_PT]邻域解都在禁忌中；当前iter：279942
[69149s][PINCOL_PT]
总迭代步数：279942
[69149s][INFO]检查的目标函数值为：1110.96
[69149s][INFO]当前的目标函数值为：1110.96
[69149s][INFO]目标函数值如下：1110.96
[69149s][INFO]选出的节点如下： 
[69149s][INFO]1 12 14 25 30 38 42 45 47 59 62 71 81 85 99 107 108 122 145 150 155 162 163 168 186 205 208 213 237 261 281 283 286 321 329 334 338 340 342 358 373 390 400 406 426 449 450 460 482 495 
[69149s][BenchMark]第2次测试算例MDG-b_15_n500_m50
[69150s][INFO]加载文件../Deploy/Instances/MDG-b_15_n500_m50.txt
[69150s][INFO]矩阵节点数目为:500  要选的节点数目为:50
[69150s][INFO]随机种子为：1582575221
[69587s][PINCOL_PT]邻域解都在禁忌中；当前iter：257927
[69587s][PINCOL_PT]
总迭代步数：257927
[69587s][INFO]检查的目标函数值为：1065.25
[69587s][INFO]当前的目标函数值为：1065.25
[69587s][INFO]目标函数值如下：1065.25
[69587s][INFO]选出的节点如下： 
[69587s][INFO]4 8 11 48 54 62 63 68 69 71 76 93 127 128 131 142 151 155 156 165 166 183 206 209 219 227 231 240 249 251 316 326 336 339 365 389 390 392 409 411 425 427 430 435 440 462 474 476 488 494 
[69587s][BenchMark]第3次测试算例MDG-b_15_n500_m50
[69588s][INFO]加载文件../Deploy/Instances/MDG-b_15_n500_m50.txt
[69588s][INFO]矩阵节点数目为:500  要选的节点数目为:50
[69588s][INFO]随机种子为：1582575659
[69992s][PINCOL_PT]邻域解都在禁忌中；当前iter：232748
[69992s][PINCOL_PT]
总迭代步数：232748
[69992s][INFO]检查的目标函数值为：1134.48
[69992s][INFO]当前的目标函数值为：1134.48
[69992s][INFO]目标函数值如下：1134.48
[69992s][INFO]选出的节点如下： 
[69992s][INFO]6 27 28 55 56 60 62 63 71 77 84 86 89 90 102 103 108 110 138 146 149 150 159 166 182 184 256 273 278 280 297 329 349 352 367 376 388 390 391 398 404 410 424 432 441 465 471 481 483 495 
[69992s][BenchMark]第4次测试算例MDG-b_15_n500_m50
[69992s][INFO]加载文件../Deploy/Instances/MDG-b_15_n500_m50.txt
[69992s][INFO]矩阵节点数目为:500  要选的节点数目为:50
[69992s][INFO]随机种子为：1582576064
[70673s][PINCOL_PT]邻域解都在禁忌中；当前iter：399756
[70673s][PINCOL_PT]
总迭代步数：399756
[70673s][INFO]检查的目标函数值为：1115.96
[70673s][INFO]当前的目标函数值为：1115.96
[70673s][INFO]目标函数值如下：1115.96
[70673s][INFO]选出的节点如下： 
[70673s][INFO]21 31 51 52 57 59 70 75 79 82 85 86 87 88 99 113 117 132 135 141 195 199 206 207 212 220 227 255 257 267 276 288 294 298 300 306 316 328 329 348 353 355 356 377 386 394 396 433 451 491 
[70673s][BenchMark]第5次测试算例MDG-b_15_n500_m50
[70673s][INFO]加载文件../Deploy/Instances/MDG-b_15_n500_m50.txt
[70673s][INFO]矩阵节点数目为:500  要选的节点数目为:50
[70673s][INFO]随机种子为：1582576744
[71186s][PINCOL_PT]邻域解都在禁忌中；当前iter：293581
[71186s][PINCOL_PT]
总迭代步数：293581
[71186s][INFO]检查的目标函数值为：1162.05
[71186s][INFO]当前的目标函数值为：1162.05
[71186s][INFO]目标函数值如下：1162.05
[71186s][INFO]选出的节点如下： 
[71186s][INFO]0 23 27 33 37 39 40 54 65 83 87 94 113 117 137 140 151 157 158 183 213 225 231 235 243 246 248 253 254 265 274 287 298 310 332 368 371 383 384 389 414 417 419 424 435 445 450 467 469 497 
[71186s][BenchMark]第1次测试算例MDG-b_32_n2000_m200
[71191s][INFO]加载文件../Deploy/Instances/MDG-b_32_n2000_m200.txt
[71191s][INFO]矩阵节点数目为:2000  要选的节点数目为:200
[71191s][INFO]随机种子为：1582577262
[75192s][PINCOL_PT]
总迭代步数：27163
[75192s][INFO]检查的目标函数值为：3202.25
[75192s][INFO]当前的目标函数值为：3202.25
[75192s][INFO]目标函数值如下：3202.25
[75192s][INFO]选出的节点如下： 
[75192s][INFO]24 48 90 93 97 108 120 130 144 149 157 181 189 194 202 205 206 213 219 225 240 247 250 258 259 260 272 276 288 291 322 327 333 339 371 384 403 409 460 461 469 487 488 490 494 496 499 525 537 545 554 572 575 597 612 619 633 644 658 663 665 666 671 675 677 682 694 696 698 714 717 727 735 738 765 780 784 788 792 818 822 824 832 867 873 874 912 917 922 937 947 953 981 982 983 1007 1020 1026 1027 1046 1051 1084 1086 1091 1092 1104 1119 1123 1126 1129 1131 1135 1145 1150 1155 1159 1172 1188 1192 1196 1207 1223 1232 1245 1276 1277 1278 1284 1285 1286 1291 1307 1335 1336 1384 1400 1406 1421 1423 1436 1438 1440 1441 1444 1445 1451 1457 1461 1490 1506 1518 1535 1539 1541 1551 1552 1558 1566 1575 1582 1595 1618 1623 1627 1635 1642 1644 1646 1652 1661 1664 1673 1689 1719 1726 1727 1732 1740 1747 1773 1784 1801 1810 1815 1816 1819 1831 1859 1869 1872 1906 1911 1916 1921 1923 1925 1939 1957 1981 1995 
[75192s][BenchMark]第2次测试算例MDG-b_32_n2000_m200
[75198s][INFO]加载文件../Deploy/Instances/MDG-b_32_n2000_m200.txt
[75198s][INFO]矩阵节点数目为:2000  要选的节点数目为:200
[75198s][INFO]随机种子为：1582581269
[79200s][PINCOL_PT]
总迭代步数：27002
[79200s][INFO]检查的目标函数值为：3169.42
[79200s][INFO]当前的目标函数值为：3169.42
[79200s][INFO]目标函数值如下：3169.42
[79200s][INFO]选出的节点如下： 
[79200s][INFO]6 14 27 32 37 56 57 68 84 89 100 107 141 143 173 176 177 183 192 199 201 211 213 225 233 239 240 244 248 288 301 306 316 317 326 343 367 372 374 381 383 387 390 400 403 404 415 417 425 434 435 441 443 446 458 474 480 491 499 509 515 518 533 545 563 570 576 585 586 596 600 613 627 634 635 638 659 662 667 669 694 696 699 701 718 734 748 755 765 784 788 821 823 831 853 887 902 904 911 928 946 950 965 966 1000 1007 1011 1021 1028 1034 1043 1046 1056 1066 1088 1092 1097 1110 1113 1132 1135 1145 1161 1171 1181 1225 1235 1240 1265 1266 1267 1274 1308 1311 1327 1331 1341 1345 1365 1376 1391 1394 1404 1410 1418 1443 1461 1462 1468 1488 1493 1498 1505 1507 1516 1530 1550 1551 1559 1560 1572 1617 1636 1638 1658 1711 1720 1727 1730 1745 1753 1756 1762 1769 1786 1792 1809 1812 1818 1821 1826 1829 1830 1839 1840 1841 1855 1856 1860 1872 1893 1904 1926 1927 1934 1965 1970 1979 1983 1988 
[79200s][BenchMark]第3次测试算例MDG-b_32_n2000_m200
[79205s][INFO]加载文件../Deploy/Instances/MDG-b_32_n2000_m200.txt
[79205s][INFO]矩阵节点数目为:2000  要选的节点数目为:200
[79205s][INFO]随机种子为：1582585276
[83208s][PINCOL_PT]
总迭代步数：27069
[83208s][INFO]检查的目标函数值为：3136.88
[83208s][INFO]当前的目标函数值为：3136.88
[83208s][INFO]目标函数值如下：3136.88
[83208s][INFO]选出的节点如下： 
[83208s][INFO]4 10 18 31 36 64 72 77 80 81 110 115 119 144 145 149 160 187 199 205 217 220 245 249 252 284 293 296 297 301 306 307 311 312 318 326 329 343 352 353 356 364 366 374 378 383 385 386 401 402 453 454 474 475 489 496 499 511 542 556 557 566 589 601 604 614 619 620 642 670 676 689 692 715 717 724 734 744 746 758 787 795 798 803 808 833 836 845 847 851 853 861 865 868 892 924 932 936 943 951 952 953 955 958 974 978 984 1012 1013 1030 1051 1056 1065 1073 1087 1088 1095 1097 1131 1196 1197 1201 1203 1218 1220 1224 1230 1254 1265 1268 1271 1289 1304 1328 1338 1342 1353 1355 1361 1371 1376 1379 1386 1387 1388 1414 1420 1432 1433 1451 1453 1457 1473 1485 1523 1535 1547 1561 1594 1605 1618 1627 1642 1668 1672 1676 1686 1697 1706 1708 1709 1723 1747 1760 1765 1773 1783 1788 1789 1795 1797 1798 1817 1840 1856 1857 1877 1883 1884 1897 1905 1911 1919 1924 1938 1954 1967 1968 1975 1989 
[83208s][BenchMark]第4次测试算例MDG-b_32_n2000_m200
[83214s][INFO]加载文件../Deploy/Instances/MDG-b_32_n2000_m200.txt
[83214s][INFO]矩阵节点数目为:2000  要选的节点数目为:200
[83214s][INFO]随机种子为：1582589285
[87217s][PINCOL_PT]
总迭代步数：26748
[87217s][INFO]检查的目标函数值为：3282.72
[87217s][INFO]当前的目标函数值为：3282.72
[87217s][INFO]目标函数值如下：3282.72
[87217s][INFO]选出的节点如下： 
[87217s][INFO]7 10 13 15 21 22 33 50 53 55 57 66 71 82 92 102 116 118 132 155 160 170 186 194 230 240 248 249 254 267 275 284 288 304 342 343 359 360 367 373 374 391 408 413 415 418 420 426 442 457 461 470 474 488 490 502 526 532 548 549 551 553 559 563 576 590 593 628 632 652 664 665 671 701 720 728 734 740 741 743 746 758 776 800 820 826 832 834 864 873 878 882 885 894 922 950 973 975 983 985 990 1020 1025 1036 1039 1040 1046 1056 1060 1074 1077 1082 1083 1106 1110 1142 1147 1149 1176 1177 1182 1192 1205 1218 1222 1233 1276 1277 1289 1299 1303 1315 1345 1348 1356 1358 1369 1412 1414 1418 1430 1455 1461 1466 1469 1471 1474 1505 1524 1538 1541 1556 1568 1588 1589 1595 1600 1607 1608 1621 1647 1651 1657 1662 1673 1677 1709 1720 1723 1728 1752 1753 1754 1758 1775 1781 1788 1794 1810 1811 1816 1820 1823 1829 1832 1843 1854 1862 1872 1882 1885 1888 1898 1923 1926 1941 1961 1976 1977 1987 
[87217s][BenchMark]第5次测试算例MDG-b_32_n2000_m200
[87223s][INFO]加载文件../Deploy/Instances/MDG-b_32_n2000_m200.txt
[87223s][INFO]矩阵节点数目为:2000  要选的节点数目为:200
[87223s][INFO]随机种子为：1582593294
[91230s][PINCOL_PT]
总迭代步数：23271
[91230s][INFO]检查的目标函数值为：3107.56
[91230s][INFO]当前的目标函数值为：3107.56
[91230s][INFO]目标函数值如下：3107.56
[91230s][INFO]选出的节点如下： 
[91230s][INFO]9 21 26 37 39 53 58 80 95 109 111 118 142 149 161 172 174 177 189 196 205 225 227 231 234 255 270 282 293 305 312 313 316 336 356 358 369 381 387 391 393 419 424 464 467 482 503 517 521 539 547 550 554 589 591 593 598 600 601 623 642 643 646 649 655 675 697 707 714 723 735 736 737 754 770 775 790 793 802 808 812 825 875 889 904 911 934 962 964 967 972 978 980 999 1010 1016 1017 1035 1040 1042 1060 1064 1065 1068 1096 1097 1105 1115 1119 1131 1155 1165 1168 1174 1180 1190 1193 1195 1208 1211 1218 1223 1232 1236 1249 1255 1268 1270 1286 1300 1303 1308 1314 1323 1329 1347 1368 1391 1399 1411 1420 1431 1438 1442 1453 1458 1468 1478 1488 1489 1493 1499 1503 1513 1547 1548 1552 1562 1566 1574 1579 1593 1605 1620 1625 1628 1629 1630 1633 1651 1654 1657 1663 1672 1696 1706 1716 1717 1751 1772 1795 1796 1808 1811 1851 1855 1874 1882 1887 1914 1921 1930 1937 1941 1952 1967 1971 1981 1986 1992 
